1509979179758,1,0,0,1,0,0,59,23.625,63.5542337299,59,23.625,63.5542337299,0,0,0,0,0,cluster
1509979179758,1,0,0,2,0,0,63,24.25,67.6027674151,31.5,12.125,33.8013837076,0,0,129,59,141.852035586,cluster
1509979179758,1,0,0,2,0,0,144,82.25,166.810665128,72,41.125,83.4053325638,0,0,48,1,48.0104155366,cluster
1509979179758,1,0,0,3,0,0,148,106.875,191.758423043,49.3333333333,35.625,63.9194743477,0,0,48.6666666667,10.6666666667,50.6326775257,cluster
1509979179758,1,0,0,4,0,0,171,121.5,219.01444302,42.75,30.375,54.7536107551,0,0,37.0,20,46.1461247992,cluster
1509979179758,1,0,0,5,0,0,190,156.125,258.509893708,38,31.225,51.7019787415,0,0,34,20.8,43.448697661,cluster
1509982000101,1,0,0,1,0,0,231,112.375,256.883515674,231,112.375,256.883515674,0,0,0,0,0,cluster
1509982000101,1,0,0,2,0,0,278,195.75,352.593445279,139,97.875,176.296722639,0,0,1,11,11.0453610172,cluster
1509982000101,1,0,0,1,0,0,63,24.625,67.6416338138,63,24.625,67.6416338138,0,0,0,0,0,cluster
1509982000101,1,0,0,2,0,0,327,59,333.870183419,163.5,29.5,166.93509171,0,0,29,1,29.0172362571,cluster
1509982000101,1,0,0,2,0,0,327,59,333.870183419,163.5,29.5,166.93509171,0,0,29,1,29.0172362571,cluster
1509982000101,1,0,0,2,0,0,327,59,333.870183419,163.5,29.5,166.93509171,0,0,29,1,29.0172362571,cluster
1509982000101,1,0,0,2,0,0,327,59,333.870183419,163.5,29.5,166.93509171,0,0,29,1,29.0172362571,cluster
1509982000101,1,1,0,2,1,0,327,59,333.870183419,163.5,29.5,166.93509171,1,0,29,1,29.0172362571,cluster
1509982000101,1,1,0,2,1,0,327,59,333.870183419,163.5,29.5,166.93509171,1,0,29,1,29.0172362571,cluster
1509982000101,1,1,0,2,1,0,327,59,333.870183419,163.5,29.5,166.93509171,1,0,29,1,29.0172362571,cluster
1509982000101,1,1,0,2,1,0,327,59,333.870183419,163.5,29.5,166.93509171,1,0,29,1,29.0172362571,cluster
1509982000101,1,1,0,2,2,0,327,59,333.870183419,163.5,29.5,166.93509171,2,0,29,1,29.0172362571,cluster
1509982000101,1,1,0,1,2,0,604,213.625,640.664998751,604,213.625,640.664998751,2,0,0,0,0,filter
1509982000101,1,1,0,2,2,0,749,570.25,1025.64082997,374.5,285.125,512.820414987,2,0,16,39,42.1544778167,filter
1509982000101,1,1,0,3,2,0,1005,736.625,1330.9548333,335,245.541666667,443.651611099,2,0,157.333333333,164,228.375927969,filter
1509982000101,1,1,0,4,2,0,1090,971,1580.26716878,272.5,242.75,395.066792195,2,0,142.833333333,160.0,219.300595945,filter
1509982000101,1,1,0,4,2,0,1080,1004,1582.76613872,270,251,395.691534681,2,0,141.166666667,165.5,223.287167322,filter
1509982000101,1,1,0,0,2,0,0,0,0,0,0,0,2,0,0,0,0,filter
1509982000101,1,1,0,0,2,0,0,0,0,0,0,0,2,0,0,0,0,filter
1509982000101,1,1,0,0,2,0,0,0,0,0,0,0,2,0,0,0,0,filter
1509982000101,1,1,0,0,1,0,0,0,0,0,0,0,1,0,0,0,0,filter
1509982000101,1,1,0,1,1,0,272,126.625,300.029816227,272,126.625,300.029816227,1,0,0,0,0,filter
1509982076668,1,0,0,1,0,0,23,13.625,26.7327631381,23,13.625,26.7327631381,0,0,0,0,0,cluster
1509982076668,1,0,0,2,0,0,249,301.25,392.525246146,124.5,150.625,196.262623073,0,0,9,2,9.21954445729,cluster
1509982076668,1,0,0,2,0,0,265,352.25,441.273544374,132.5,176.125,220.636772187,0,0,25,49,55.0090901579,cluster
1509982076668,1,0,0,2,0,0,275,409.25,493.168014269,137.5,204.625,246.584007134,0,0,15,8,17,cluster
1509982076668,1,0,0,1,0,0,53,135.625,145.612982337,53,135.625,145.612982337,0,0,0,0,0,cluster
1509982076668,1,0,0,2,0,0,265,207,369.305607662,132.5,103.5,184.652803831,0,0,2,1,2.2360679775,cluster
1509982076668,1,0,0,0,0,0,0,0,0,0,0,0,0,0,0,0,0,filter
1509982076668,1,0,0,0,0,0,0,0,0,0,0,0,0,0,0,0,0,filter
1509982076668,1,0,0,0,0,0,0,0,0,0,0,0,0,0,0,0,0,filter
1509982076668,1,1,0,0,1,0,0,0,0,0,0,0,1,0,0,0,0,filter
1509982076668,1,1,0,0,1,0,0,0,0,0,0,0,1,0,0,0,0,filter
1509982076668,1,1,0,0,1,0,0,0,0,0,0,0,1,0,0,0,0,filter
1509982076668,1,1,0,0,1,0,0,0,0,0,0,0,1,0,0,0,0,filter
1509982076668,1,1,0,0,2,0,0,0,0,0,0,0,2,0,0,0,0,filter
1509982076668,1,1,0,0,2,0,0,0,0,0,0,0,2,0,0,0,0,filter
1509982076668,1,1,0,0,2,0,0,0,0,0,0,0,2,0,0,0,0,filter
1509982076668,1,1,0,0,2,0,0,0,0,0,0,0,2,0,0,0,0,filter
1509982076668,1,1,0,0,1,0,0,0,0,0,0,0,1,0,0,0,0,filter
1509982076668,1,1,0,0,1,0,0,0,0,0,0,0,1,0,0,0,0,filter
1509982076668,1,1,0,0,1,0,0,0,0,0,0,0,1,0,0,0,0,filter
1509982076668,1,1,0,0,1,0,0,0,0,0,0,0,1,0,0,0,0,filter
1509982076668,1,1,0,0,2,0,0,0,0,0,0,0,2,0,0,0,0,filter
1509982137518,1,0,0,1,0,0,169,3.375,169.033696715,169,3.375,169.033696715,0,0,0,0,0,cluster
1509982137518,1,0,0,2,0,0,267,186.75,376.952889251,133.5,93.375,188.476444626,0,0,12,15,19.2093727123,cluster
1509982137518,1,0,0,2,0,0,267,186.75,376.952889251,133.5,93.375,188.476444626,0,0,12,15,19.2093727123,cluster
1509982137518,1,0,0,2,0,0,267,186.75,376.952889251,133.5,93.375,188.476444626,0,0,12,15,19.2093727123,cluster
1509982137518,1,0,0,2,0,0,267,186.75,376.952889251,133.5,93.375,188.476444626,0,0,12,15,19.2093727123,cluster
1509982137518,1,0,1,2,0,1,267,186.75,376.952889251,133.5,93.375,188.476444626,0,0,12,15,19.2093727123,cluster
1509982137518,1,0,1,2,0,1,267,186.75,376.952889251,133.5,93.375,188.476444626,0,0,12,15,19.2093727123,cluster
1509982137518,1,0,1,2,0,1,267,186.75,376.952889251,133.5,93.375,188.476444626,0,0,12,15,19.2093727123,cluster
1509982137518,1,0,1,2,0,1,267,186.75,376.952889251,133.5,93.375,188.476444626,0,0,12,15,19.2093727123,cluster
1509982137518,1,0,1,2,0,2,267,186.75,376.952889251,133.5,93.375,188.476444626,0,1,12,15,19.2093727123,cluster
1509982137518,1,0,1,2,0,2,267,186.75,376.952889251,133.5,93.375,188.476444626,0,1,12,15,19.2093727123,cluster
1509982137518,1,0,1,2,0,2,267,186.75,376.952889251,133.5,93.375,188.476444626,0,1,12,15,19.2093727123,cluster
1509982137518,1,0,1,2,0,2,267,186.75,376.952889251,133.5,93.375,188.476444626,0,1,12,15,19.2093727123,cluster
1509982137518,1,0,1,2,0,2,267,186.75,376.952889251,133.5,93.375,188.476444626,0,1,12,15,19.2093727123,cluster
1509982137518,1,0,1,1,0,2,123,281.625,307.313586789,123,281.625,307.313586789,0,0,0,0,0,cluster
1509982137518,1,0,1,1,0,2,127,410.625,429.81611257,127,410.625,429.81611257,0,0,0,0,0,cluster
1509982137518,1,0,1,2,0,2,129,411,431.850965145,64.5,205.5,215.925482572,0,0,10,10,14.1421356237,cluster
1509982137518,1,0,1,0,0,2,0,0,0,0,0,0,0,0,0,0,0,filter
1509982137518,1,0,1,0,0,2,0,0,0,0,0,0,0,0,0,0,0,filter
1509982137518,1,0,1,0,0,2,0,0,0,0,0,0,0,0,0,0,0,filter
1509982137518,1,0,1,0,0,1,0,0,0,0,0,0,0,0,0,0,0,filter
1509982137518,1,0,1,0,0,1,0,0,0,0,0,0,0,0,0,0,0,filter
1509982137518,1,0,1,0,0,1,0,0,0,0,0,0,0,0,0,0,0,filter
1509982137518,1,0,1,0,0,1,0,0,0,0,0,0,0,0,0,0,0,filter
1509982137518,1,0,1,0,0,2,0,0,0,0,0,0,0,1,0,0,0,filter
1509982137518,1,0,1,0,0,2,0,0,0,0,0,0,0,0,0,0,0,filter
1509982137518,1,0,1,0,0,2,0,0,0,0,0,0,0,0,0,0,0,filter
1509982137518,1,0,1,0,0,2,0,0,0,0,0,0,0,0,0,0,0,filter
1509982137518,1,1,1,0,1,2,0,0,0,0,0,0,1,0,0,0,0,filter
1509982137518,1,1,1,0,1,2,0,0,0,0,0,0,1,1,0,0,0,filter
1509982137518,1,1,1,0,1,2,0,0,0,0,0,0,1,1,0,0,0,filter
1509982137518,1,1,1,0,1,2,0,0,0,0,0,0,1,1,0,0,0,filter
1509982137518,1,1,1,0,2,2,0,0,0,0,0,0,2,1,0,0,0,filter
1509982137518,1,1,1,0,2,2,0,0,0,0,0,0,2,0,0,0,0,filter
1509982137518,1,1,1,0,2,2,0,0,0,0,0,0,2,0,0,0,0,filter
1509982137518,1,1,1,0,2,2,0,0,0,0,0,0,2,0,0,0,0,filter
1509982137518,1,1,1,0,2,2,0,0,0,0,0,0,2,0,0,0,0,filter
1509982137518,1,1,1,0,1,1,0,0,0,0,0,0,1,0,0,0,0,filter
1510064050280,1,0,0,1,0,0,105,23.546875,107.607877603,105,23.546875,107.607877603,0,0,0,0,0,cluster
1510064050280,1,0,0,2,0,0,283,66,290.600412484,141.5,33,145.300206242,0,0,3,19,19.2353840617,cluster
1510247236215,1,0,0,1,0,0,3,159.666656494,159.694837725,3,159.666656494,159.694837725,0,0,0,0,0,cluster
1510247236215,1,0,0,2,0,0,313,386.333312988,543.723187155,156.5,193.166656494,271.861593578,0,0,7,18,19.3132079158,cluster
1510247236215,1,0,0,3,0,0,436,586.666656494,778.802851355,145.333333333,195.555552165,259.600950452,0,0,16,12.0,21.7431479397,cluster
1510247236215,1,0,0,4,0,0,1012,720,1370.03358507,253,180,342.508396268,0,0,14.1666666667,10.3333333333,18.6593041483,cluster
1510247236215,1,0,0,0,0,0,0,0,0,0,0,0,0,0,0,0,0,MapColor
1510247236215,1,0,0,0,0,0,0,0,0,0,0,0,0,0,0,0,0,MapColor
1510247236215,1,0,0,0,0,0,0,0,0,0,0,0,0,0,0,0,0,MapColor
1510247236215,1,1,0,0,1,0,0,0,0,0,0,0,1,0,0,0,0,MapColor
1510247236215,1,1,0,0,1,0,0,0,0,0,0,0,1,0,0,0,0,MapColor
1510247236215,1,1,0,0,1,0,0,0,0,0,0,0,1,0,0,0,0,MapColor
1510247236215,1,1,0,0,1,0,0,0,0,0,0,0,1,0,0,0,0,MapColor
1510247236215,1,1,0,0,2,0,0,0,0,0,0,0,2,0,0,0,0,MapColor
1510247236215,1,1,0,0,2,0,0,0,0,0,0,0,2,0,0,0,0,MapColor
1510247236215,1,1,0,0,2,0,0,0,0,0,0,0,2,0,0,0,0,MapColor
1510247236215,1,1,0,0,2,0,0,0,0,0,0,0,2,0,0,0,0,MapColor
1510247236215,1,1,0,0,2,0,0,0,0,0,0,0,2,0,0,0,0,MapColor
1510247236215,1,1,0,0,2,0,0,0,0,0,0,0,2,0,0,0,0,MapColor
1510247236215,1,1,0,0,2,0,0,0,0,0,0,0,2,0,0,0,0,MapColor
1510247236215,1,1,0,0,2,0,0,0,0,0,0,0,2,0,0,0,0,MapColor
1510247236215,1,1,0,0,3,0,0,0,0,0,0,0,2,0,0,0,0,MapColor
1510247236215,1,1,0,0,3,0,0,0,0,0,0,0,2,0,0,0,0,MapColor
1510247236215,1,1,0,0,3,0,0,0,0,0,0,0,2,0,0,0,0,MapColor
1510247236215,1,1,0,0,3,0,0,0,0,0,0,0,2,0,0,0,0,MapColor
1510247236215,1,1,0,0,4,0,0,0,0,0,0,0,2,0,0,0,0,MapColor
1510247236215,1,1,0,0,4,0,0,0,0,0,0,0,2,0,0,0,0,MapSize
1510247236215,1,1,0,0,4,0,0,0,0,0,0,0,2,0,0,0,0,MapSize
1510247236215,1,1,0,0,4,0,0,0,0,0,0,0,2,0,0,0,0,MapSize
1510247236215,1,1,1,0,4,1,0,0,0,0,0,0,2,0,0,0,0,MapSize
1510247236215,1,1,1,0,4,1,0,0,0,0,0,0,2,0,0,0,0,MapSize
1510247236215,1,1,1,0,4,1,0,0,0,0,0,0,2,0,0,0,0,MapSize
1510247236215,1,1,1,0,4,1,0,0,0,0,0,0,2,0,0,0,0,MapSize
1510247236215,1,1,1,0,4,2,0,0,0,0,0,0,2,1,0,0,0,MapSize
1510247236215,1,1,1,0,4,2,0,0,0,0,0,0,2,1,0,0,0,MapSize
1510247236215,1,1,1,0,4,2,0,0,0,0,0,0,2,1,0,0,0,MapSize
1510247236215,1,1,1,0,4,2,0,0,0,0,0,0,2,1,0,0,0,MapSize
1510247236215,1,1,1,0,4,3,0,0,0,0,0,0,2,1,0,0,0,MapSize
1510247236215,1,1,1,0,4,3,0,0,0,0,0,0,2,1,0,0,0,MapSize
1510247236215,1,1,1,0,4,3,0,0,0,0,0,0,2,1,0,0,0,MapSize
1510247236215,1,1,1,0,4,3,0,0,0,0,0,0,2,1,0,0,0,MapSize
1510247236215,1,1,1,0,4,3,0,0,0,0,0,0,2,1,0,0,0,MapSize
1510247236215,1,1,1,0,4,3,0,0,0,0,0,0,2,1,0,0,0,MapSize
1510247236215,1,1,1,0,4,3,0,0,0,0,0,0,2,1,0,0,0,MapSize
1510247236215,1,1,1,0,4,3,0,0,0,0,0,0,2,1,0,0,0,MapSize
1510247236215,1,1,1,0,4,3,0,0,0,0,0,0,2,1,0,0,0,MapSize
1510247236215,1,1,1,0,4,3,0,0,0,0,0,0,2,1,0,0,0,MapSize
1510247236215,1,1,1,0,4,3,0,0,0,0,0,0,2,1,0,0,0,MapSize
1510247236215,1,1,1,0,4,3,0,0,0,0,0,0,2,1,0,0,0,MapSize
1510247236215,1,1,1,0,4,3,0,0,0,0,0,0,2,1,0,0,0,MapSize
1510247236215,1,1,1,0,4,3,0,0,0,0,0,0,2,1,0,0,0,MapSize
1510247236215,1,1,1,0,4,3,0,0,0,0,0,0,2,1,0,0,0,MapSize
1510247236215,1,1,1,0,4,3,0,0,0,0,0,0,2,1,0,0,0,MapSize
1510247236215,1,1,1,0,4,3,0,0,0,0,0,0,2,1,0,0,0,MapSize
1510247236215,1,1,1,0,4,3,0,0,0,0,0,0,2,1,0,0,0,MapSize
1510247236215,1,1,1,0,4,3,0,0,0,0,0,0,2,1,0,0,0,MapSize
1510247236215,1,1,1,0,4,3,0,0,0,0,0,0,2,1,0,0,0,MapSize
1510247236215,1,1,1,0,4,3,0,0,0,0,0,0,2,1,0,0,0,MapSize
1510247236215,1,1,1,0,4,3,0,0,0,0,0,0,2,1,0,0,0,MapSize
1510247236215,1,1,1,0,4,4,0,0,0,0,0,0,2,1,0,0,0,MapSize
1510247236215,1,1,1,1,4,4,38,26.3333435059,46.2325099924,38,26.3333435059,46.2325099924,2,0,0,0,0,filter
1510247236215,1,1,1,2,4,4,52,45,69.5658351877,26,22.5,34.7829175939,2,0,30,8,31.0483493925,filter
1510247236215,1,1,1,2,4,4,52,45,69.5658351877,26,22.5,34.7829175939,2,0,30,8,31.0483493925,filter
1510247236215,1,1,1,2,4,4,52,45,69.5658351877,26,22.5,34.7829175939,2,0,30,8,31.0483493925,filter
1510247236215,1,1,1,2,4,4,52,45,69.5658351877,26,22.5,34.7829175939,2,0,30,8,31.0483493925,filter
1510247236215,1,1,1,2,1,4,52,45,69.5658351877,26,22.5,34.7829175939,1,0,30,8,31.0483493925,filter
1510247236215,1,1,1,2,1,4,52,45,69.5658351877,26,22.5,34.7829175939,1,0,30,8,31.0483493925,filter
1510247236215,1,1,1,2,1,4,52,45,69.5658351877,26,22.5,34.7829175939,1,0,30,8,31.0483493925,filter
1510247236215,1,1,1,2,1,4,52,45,69.5658351877,26,22.5,34.7829175939,1,0,30,8,31.0483493925,filter
1510247236215,1,1,1,2,1,4,52,45,69.5658351877,26,22.5,34.7829175939,1,0,30,8,31.0483493925,filter
1510247236215,1,1,1,2,2,4,52,45,69.5658351877,26,22.5,34.7829175939,2,0,30,8,31.0483493925,filter
1510247459845,1,0,0,1,0,0,59,7.69999694824,59.5003357386,59,7.69999694824,59.5003357386,0,0,0,0,0,cluster
1510247459845,1,0,0,2,0,0,245,84.3999938965,260.693997497,122.5,42.1999969482,130.346998749,0,0,32,0,32,cluster
1510247459845,1,0,0,3,0,0,654,259.099990845,705.442340871,218,86.3666636149,235.147446957,0,0,21.3333333333,6.66666666667,23.602082825,cluster
1510247459845,1,0,0,4,0,0,693,412.800003052,864.013125546,173.25,103.200000763,216.003281387,0,0,22.5,99.4999923706,108.926989287,cluster
1510247459845,1,0,0,4,0,0,668,590.799987793,1037.43765405,167,147.699996948,259.359413513,0,0,16.6666666667,10.5,21.8813419697,cluster
1510247459845,1,0,0,4,0,0,668,590.799987793,1037.43765405,167,147.699996948,259.359413513,0,0,16.6666666667,10.5,21.8813419697,cluster
1510247459845,1,0,0,4,0,0,668,590.799987793,1037.43765405,167,147.699996948,259.359413513,0,0,16.6666666667,10.5,21.8813419697,cluster
1510247459845,1,0,0,4,0,0,668,590.799987793,1037.43765405,167,147.699996948,259.359413513,0,0,16.6666666667,10.5,21.8813419697,cluster
1510247459845,1,1,0,4,1,0,668,590.799987793,1037.43765405,167,147.699996948,259.359413513,1,0,16.6666666667,10.5,21.8813419697,cluster
1510247459845,1,1,0,4,1,0,668,590.799987793,1037.43765405,167,147.699996948,259.359413513,1,0,16.6666666667,10.5,21.8813419697,cluster
1510247459845,1,1,0,4,1,0,668,590.799987793,1037.43765405,167,147.699996948,259.359413513,1,0,16.6666666667,10.5,21.8813419697,cluster
1510247459845,1,1,0,4,1,0,668,590.799987793,1037.43765405,167,147.699996948,259.359413513,1,0,16.6666666667,10.5,21.8813419697,cluster
1510247459845,1,1,0,4,2,0,668,590.799987793,1037.43765405,167,147.699996948,259.359413513,2,0,16.6666666667,10.5,21.8813419697,cluster
1510247459845,1,1,0,4,2,0,668,590.799987793,1037.43765405,167,147.699996948,259.359413513,2,0,16.6666666667,10.5,21.8813419697,cluster
1510247459845,1,1,0,4,2,0,668,590.799987793,1037.43765405,167,147.699996948,259.359413513,2,0,16.6666666667,10.5,21.8813419697,cluster
1510247459845,1,1,0,4,2,0,668,590.799987793,1037.43765405,167,147.699996948,259.359413513,2,0,16.6666666667,10.5,21.8813419697,cluster
1510247459845,1,1,0,4,3,0,668,590.799987793,1037.43765405,167,147.699996948,259.359413513,2,0,16.6666666667,10.5,21.8813419697,cluster
1510247459845,1,1,0,4,3,0,668,590.799987793,1037.43765405,167,147.699996948,259.359413513,2,0,16.6666666667,10.5,21.8813419697,cluster
1510247459845,1,1,0,4,3,0,668,590.799987793,1037.43765405,167,147.699996948,259.359413513,2,0,16.6666666667,10.5,21.8813419697,cluster
1510247459845,1,1,0,4,3,0,668,590.799987793,1037.43765405,167,147.699996948,259.359413513,2,0,16.6666666667,10.5,21.8813419697,cluster
1510247459845,1,1,0,4,4,0,668,590.799987793,1037.43765405,167,147.699996948,259.359413513,2,0,16.6666666667,10.5,21.8813419697,cluster
1510247459845,1,1,0,0,4,0,0,0,0,0,0,0,2,0,0,0,0,MapColor
1510247459845,1,1,0,0,4,0,0,0,0,0,0,0,2,0,0,0,0,MapColor
1510247459845,1,1,0,0,4,0,0,0,0,0,0,0,2,0,0,0,0,MapColor
1510247459845,1,1,0,1,4,0,20,56.6999969482,60.1239524144,20,56.6999969482,60.1239524144,2,0,0,0,0,MapColor
1510247459845,1,1,0,1,4,0,20,56.6999969482,60.1239524144,20,56.6999969482,60.1239524144,2,0,0,0,0,MapColor
1510247459845,1,1,0,1,4,0,20,56.6999969482,60.1239524144,20,56.6999969482,60.1239524144,2,0,0,0,0,MapColor
1510247459845,1,1,0,1,4,0,20,56.6999969482,60.1239524144,20,56.6999969482,60.1239524144,2,0,0,0,0,MapColor
1510247459845,1,1,0,1,4,0,20,56.6999969482,60.1239524144,20,56.6999969482,60.1239524144,2,0,0,0,0,MapColor
1510247459845,1,1,0,1,4,0,20,56.6999969482,60.1239524144,20,56.6999969482,60.1239524144,2,0,0,0,0,MapColor
1510247459845,1,1,0,1,4,0,20,56.6999969482,60.1239524144,20,56.6999969482,60.1239524144,2,0,0,0,0,MapColor
1510247459845,1,1,0,1,4,0,20,56.6999969482,60.1239524144,20,56.6999969482,60.1239524144,2,0,0,0,0,MapColor
1510247459845,1,1,0,1,4,0,20,56.6999969482,60.1239524144,20,56.6999969482,60.1239524144,2,0,0,0,0,MapColor
1510247459845,1,1,0,1,4,0,20,56.6999969482,60.1239524144,20,56.6999969482,60.1239524144,2,0,0,0,0,MapColor
1510247459845,1,1,0,1,4,0,20,56.6999969482,60.1239524144,20,56.6999969482,60.1239524144,2,0,0,0,0,MapColor
1510247459845,1,1,0,1,4,0,20,56.6999969482,60.1239524144,20,56.6999969482,60.1239524144,2,0,0,0,0,MapColor
1510247459845,1,1,0,1,4,0,20,56.6999969482,60.1239524144,20,56.6999969482,60.1239524144,2,0,0,0,0,MapColor
1510247459845,1,1,0,1,4,0,20,56.6999969482,60.1239524144,20,56.6999969482,60.1239524144,2,0,0,0,0,MapColor
1510247459845,1,1,0,1,4,0,20,56.6999969482,60.1239524144,20,56.6999969482,60.1239524144,2,0,0,0,0,MapColor
1510247459845,1,1,0,1,4,0,20,56.6999969482,60.1239524144,20,56.6999969482,60.1239524144,2,0,0,0,0,MapColor
1510247459845,1,1,0,1,4,0,20,56.6999969482,60.1239524144,20,56.6999969482,60.1239524144,2,0,0,0,0,MapColor
1510247459845,1,1,1,1,4,1,20,56.6999969482,60.1239524144,20,56.6999969482,60.1239524144,2,0,0,0,0,MapColor
1510247459845,1,1,1,1,4,1,20,56.6999969482,60.1239524144,20,56.6999969482,60.1239524144,2,0,0,0,0,MapColor
1510247459845,1,1,1,1,4,1,20,56.6999969482,60.1239524144,20,56.6999969482,60.1239524144,2,0,0,0,0,MapColor
1510247459845,1,1,1,1,4,1,20,56.6999969482,60.1239524144,20,56.6999969482,60.1239524144,2,0,0,0,0,MapColor
1510247459845,1,1,1,1,4,2,20,56.6999969482,60.1239524144,20,56.6999969482,60.1239524144,2,0,0,0,0,MapColor
1510247459845,1,1,1,2,4,2,23,65.4000091553,69.3266809447,11.5,32.7000045776,34.6633404724,2,1,28,62.9999847412,68.9419906689,MapColor
1510247459845,1,1,1,2,4,2,23,65.4000091553,69.3266809447,11.5,32.7000045776,34.6633404724,2,1,28,62.9999847412,68.9419906689,MapColor
1510247459845,1,1,1,2,4,2,23,65.4000091553,69.3266809447,11.5,32.7000045776,34.6633404724,2,1,28,62.9999847412,68.9419906689,MapColor
1510247459845,1,1,1,2,4,2,23,65.4000091553,69.3266809447,11.5,32.7000045776,34.6633404724,2,1,28,62.9999847412,68.9419906689,MapColor
1510247459845,1,1,1,2,4,2,23,65.4000091553,69.3266809447,11.5,32.7000045776,34.6633404724,2,1,28,62.9999847412,68.9419906689,MapColor
1510247459845,1,1,1,2,1,2,23,65.4000091553,69.3266809447,11.5,32.7000045776,34.6633404724,1,1,28,62.9999847412,68.9419906689,MapColor
1510247459845,1,1,1,2,1,2,23,65.4000091553,69.3266809447,11.5,32.7000045776,34.6633404724,1,0,28,62.9999847412,68.9419906689,MapColor
1510247459845,1,1,1,2,1,2,23,65.4000091553,69.3266809447,11.5,32.7000045776,34.6633404724,1,0,28,62.9999847412,68.9419906689,MapColor
1510247459845,1,1,1,2,1,2,23,65.4000091553,69.3266809447,11.5,32.7000045776,34.6633404724,1,0,28,62.9999847412,68.9419906689,MapColor
1510247459845,1,1,1,2,2,2,23,65.4000091553,69.3266809447,11.5,32.7000045776,34.6633404724,2,0,28,62.9999847412,68.9419906689,MapColor
1510247459845,1,1,1,0,2,2,0,0,0,0,0,0,2,0,0,0,0,MapSize
1510247459845,1,1,1,0,2,2,0,0,0,0,0,0,2,0,0,0,0,MapSize
1510247459845,1,1,1,0,2,2,0,0,0,0,0,0,2,0,0,0,0,MapSize
1510247459845,1,1,1,0,2,1,0,0,0,0,0,0,2,0,0,0,0,MapSize
1510247459845,1,1,1,0,2,1,0,0,0,0,0,0,2,0,0,0,0,MapSize
1510247459845,1,1,1,0,2,1,0,0,0,0,0,0,2,0,0,0,0,MapSize
1510247459845,1,1,1,0,2,1,0,0,0,0,0,0,2,0,0,0,0,MapSize
1510247459845,1,1,1,0,2,2,0,0,0,0,0,0,2,0,0,0,0,MapSize
1510247459845,1,1,1,0,2,2,0,0,0,0,0,0,2,0,0,0,0,filter
1510247459845,1,1,1,0,2,2,0,0,0,0,0,0,2,0,0,0,0,filter
1510247459845,1,1,1,0,2,2,0,0,0,0,0,0,2,0,0,0,0,filter
1510247459845,1,1,1,1,2,2,247,203.699996948,320.160410977,247,203.699996948,320.160410977,2,0,0,0,0,filter
1510247459845,1,1,1,2,2,2,380,204,453.160749329,190,102,226.580374664,2,0,49,8,49.6487663492,filter
1510247459845,1,1,1,2,2,2,568,186,605.979713026,284,93,302.989856513,2,0,139,26,141.410749238,filter
1510247459845,1,1,1,2,2,2,711,239,754.078806059,355.5,119.5,377.03940303,2,0,4,27,27.2946881279,filter
1510247459845,1,1,1,2,2,2,711,239,754.078806059,355.5,119.5,377.03940303,2,0,4,27,27.2946881279,filter
1510247459845,1,1,1,2,2,2,711,239,754.078806059,355.5,119.5,377.03940303,2,0,4,27,27.2946881279,filter
1510247459845,1,1,1,2,2,2,711,239,754.078806059,355.5,119.5,377.03940303,2,0,4,27,27.2946881279,filter
1510247459845,1,1,1,2,1,2,711,239,754.078806059,355.5,119.5,377.03940303,1,0,4,27,27.2946881279,filter
1510247459845,1,1,1,2,1,2,711,239,754.078806059,355.5,119.5,377.03940303,1,0,4,27,27.2946881279,filter
1510247459845,1,1,1,2,1,2,711,239,754.078806059,355.5,119.5,377.03940303,1,0,4,27,27.2946881279,filter
1510247459845,1,1,1,2,1,2,711,239,754.078806059,355.5,119.5,377.03940303,1,0,4,27,27.2946881279,filter
1510247459845,1,1,1,2,2,2,711,239,754.078806059,355.5,119.5,377.03940303,2,0,4,27,27.2946881279,filter
1510248066527,1,0,0,1,0,0,307,133.699996948,334.850248893,307,133.699996948,334.850248893,0,0,0,0,0,cluster
1510248066527,1,0,0,2,0,0,613,174.399993896,643.545065422,306.5,87.1999969482,321.772532711,0,0,32,20,37.7359245282,cluster
1510248066527,1,0,0,3,0,0,952,541.099990845,1142.93458049,317.333333333,180.366663615,380.978193497,0,0,21.3333333333,13.3333333333,27.4574256517,cluster
1510248066527,1,0,0,4,0,0,1253,954.799987793,1654.54838745,313.25,238.699996948,413.637096864,0,0,17.1666666667,13.1666666667,23.9782571972,cluster
1510248066527,1,0,0,5,0,0,1315,1000.09999084,1731.33439058,263,200.019998169,346.266878117,0,0,65,30.6,73.6875100116,cluster
1510248066527,1,0,0,6,0,0,1569,1074.3999939,1995.97847318,261.5,179.066665649,332.663078863,0,0,85.4666666667,34.3333333333,93.5540097054,cluster
1510248066527,1,0,0,6,0,0,1801,1128.3999939,2193.4713487,300.166666667,188.066665649,365.578558117,0,0,160.533333333,47.1333333333,168.651992715,cluster
1510248066527,1,0,0,6,0,0,2035,1175.3999939,2429.00122648,339.166666667,195.899998983,404.833537746,0,0,209.866666667,58.2666666667,218.948690169,cluster
1510248066527,1,0,0,6,0,0,2292,1205.3999939,2645.56344692,382,200.899998983,440.927241153,0,0,229.4,60.2666666667,238.268857769,cluster
1510248066527,1,0,0,6,0,0,2539,1276.3999939,2901.03694687,423.166666667,212.733332316,483.506157811,0,0,212.933333333,61.2666666667,223.728535165,cluster
1510248066527,1,0,0,7,0,0,2701,1325.69999695,3070.37238409,385.857142857,189.38571385,438.624626299,0,0,213.428571429,58.7619047619,223.135192653,cluster
1510248066527,1,0,0,8,0,0,2937,1418,3323.779745,367.125,177.25,415.472468125,0,0,215.928571429,55.1071428571,225.859846546,cluster
1510248066527,1,0,0,8,0,0,3040,1475,3439.96959676,380,184.375,429.996199595,0,0,220.392857143,62.0714285714,233.137991008,cluster
1510248066527,1,0,0,9,0,0,3152,1602.30000305,3609.52575494,350.222222222,178.033333672,401.058417216,0,0,212.611111111,59.7777777778,224.544079034,cluster
1510248066527,1,0,0,10,0,0,3262,1705.6000061,3760.4260221,326.2,170.56000061,376.04260221,0,0,203.111111111,56.6444444444,214.757473495,cluster
1510248066527,1,0,0,11,0,0,3470,1892.8999939,4040.32830046,315.454545455,172.081817627,367.302572769,0,0,199.2,84.1818154075,226.828014665,cluster
1510248066527,1,0,0,0,0,0,0,0,0,0,0,0,0,0,0,0,0,MapColor
1510248066527,1,0,0,0,0,0,0,0,0,0,0,0,0,0,0,0,0,MapColor
1510248066527,1,0,0,0,0,0,0,0,0,0,0,0,0,0,0,0,0,MapColor
1510248066527,1,0,0,0,0,0,0,0,0,0,0,0,0,0,0,0,0,MapColor
1510248066527,1,0,0,0,0,0,0,0,0,0,0,0,0,0,0,0,0,MapColor
1510248066527,1,1,0,0,1,0,0,0,0,0,0,0,1,0,0,0,0,MapColor
1510248066527,1,1,0,0,1,0,0,0,0,0,0,0,1,0,0,0,0,MapColor
1510248066527,1,1,0,0,1,0,0,0,0,0,0,0,1,0,0,0,0,MapColor
1510248066527,1,1,0,0,1,0,0,0,0,0,0,0,1,0,0,0,0,MapColor
1510248066527,1,1,0,0,2,0,0,0,0,0,0,0,2,0,0,0,0,MapColor
1510248066527,1,1,0,0,2,0,0,0,0,0,0,0,2,0,0,0,0,MapColor
1510248066527,1,1,0,0,2,0,0,0,0,0,0,0,2,0,0,0,0,MapColor
1510248066527,1,1,0,0,2,0,0,0,0,0,0,0,2,0,0,0,0,MapColor
1510248066527,1,1,0,0,3,0,0,0,0,0,0,0,2,0,0,0,0,MapColor
1510248066527,1,1,0,0,3,0,0,0,0,0,0,0,2,0,0,0,0,MapSize
1510248066527,1,1,0,0,3,0,0,0,0,0,0,0,2,0,0,0,0,MapSize
1510248066527,1,1,0,0,3,0,0,0,0,0,0,0,2,0,0,0,0,MapSize
1510248066527,1,1,0,0,3,0,0,0,0,0,0,0,2,0,0,0,0,MapSize
1510248066527,1,1,0,0,3,0,0,0,0,0,0,0,2,0,0,0,0,MapSize
1510248066527,1,1,1,0,3,1,0,0,0,0,0,0,2,0,0,0,0,MapSize
1510248066527,1,1,1,1,3,1,343,72.6999969482,350.619864749,343,72.6999969482,350.619864749,2,0,0,0,0,filter
1510248066527,1,1,1,2,3,1,440,88.9999847412,448.979864759,220,44.4999923706,224.489932379,2,0,5,16.9999847412,17.7200305079,filter
1510248066527,1,1,1,2,3,1,440,88.9999847412,448.979864759,220,44.4999923706,224.489932379,2,0,5,16.9999847412,17.7200305079,filter
1510248066527,1,1,1,2,3,1,440,88.9999847412,448.979864759,220,44.4999923706,224.489932379,2,0,5,16.9999847412,17.7200305079,filter
1510248066527,1,1,1,2,3,1,440,88.9999847412,448.979864759,220,44.4999923706,224.489932379,2,0,5,16.9999847412,17.7200305079,filter
1510248066527,1,1,1,2,3,1,440,88.9999847412,448.979864759,220,44.4999923706,224.489932379,2,0,5,16.9999847412,17.7200305079,filter
1510248066527,1,1,1,2,1,1,440,88.9999847412,448.979864759,220,44.4999923706,224.489932379,1,0,5,16.9999847412,17.7200305079,filter
1510248066527,1,1,1,2,1,1,440,88.9999847412,448.979864759,220,44.4999923706,224.489932379,1,0,5,16.9999847412,17.7200305079,filter
1510248066527,1,1,1,2,1,1,440,88.9999847412,448.979864759,220,44.4999923706,224.489932379,1,0,5,16.9999847412,17.7200305079,filter
1510248066527,1,1,1,2,1,1,440,88.9999847412,448.979864759,220,44.4999923706,224.489932379,1,0,5,16.9999847412,17.7200305079,filter
1510248066527,1,1,1,2,2,1,440,88.9999847412,448.979864759,220,44.4999923706,224.489932379,2,0,5,16.9999847412,17.7200305079,filter
1510248204646,1,0,0,0,0,0,0,0,0,0,0,0,0,0,0,0,0,cluster
1510248204646,1,0,0,0,0,0,0,0,0,0,0,0,0,0,0,0,0,cluster
1510248204646,1,0,0,0,0,0,0,0,0,0,0,0,0,0,0,0,0,cluster
1510248204646,1,0,0,0,0,0,0,0,0,0,0,0,0,0,0,0,0,cluster
1510248204646,1,0,1,0,0,1,0,0,0,0,0,0,0,0,0,0,0,cluster
1510248204646,1,0,1,0,0,1,0,0,0,0,0,0,0,0,0,0,0,cluster
1510248204646,1,0,1,0,0,1,0,0,0,0,0,0,0,0,0,0,0,cluster
1510248204646,1,0,1,0,0,1,0,0,0,0,0,0,0,0,0,0,0,cluster
1510248204646,1,0,1,0,0,2,0,0,0,0,0,0,0,0,0,0,0,cluster
1510248204646,1,0,1,0,0,2,0,0,0,0,0,0,0,0,0,0,0,cluster
1510248204646,1,0,1,0,0,2,0,0,0,0,0,0,0,0,0,0,0,cluster
1510248204646,1,0,1,0,0,2,0,0,0,0,0,0,0,0,0,0,0,cluster
1510248204646,1,0,1,0,0,3,0,0,0,0,0,0,0,0,0,0,0,cluster
1510248204646,1,0,1,0,0,3,0,0,0,0,0,0,0,0,0,0,0,cluster
1510248204646,1,0,1,0,0,3,0,0,0,0,0,0,0,0,0,0,0,cluster
1510248204646,1,0,1,0,0,3,0,0,0,0,0,0,0,0,0,0,0,cluster
1510248204646,1,0,1,0,0,4,0,0,0,0,0,0,0,0,0,0,0,cluster
1510248204646,1,0,1,1,0,4,483,319.699996948,579.22110463,483,319.699996948,579.22110463,0,1,0,0,0,cluster
1510248204646,1,0,1,2,0,4,1148,599.399993896,1300.64822381,574,299.699996948,650.324111907,0,1,43,26,50.2493781056,cluster
1510248204646,1,0,1,0,0,4,0,0,0,0,0,0,0,0,0,0,0,MapColor
1510248204646,1,0,1,0,0,4,0,0,0,0,0,0,0,0,0,0,0,MapColor
1510248204646,1,0,1,0,0,4,0,0,0,0,0,0,0,0,0,0,0,MapColor
1510248204646,1,1,1,0,1,4,0,0,0,0,0,0,1,0,0,0,0,MapColor
1510248204646,1,1,1,0,1,4,0,0,0,0,0,0,1,0,0,0,0,MapColor
1510248204646,1,1,1,0,1,4,0,0,0,0,0,0,1,0,0,0,0,MapColor
1510248204646,1,1,1,0,1,4,0,0,0,0,0,0,1,0,0,0,0,MapColor
1510248204646,1,1,1,0,1,4,0,0,0,0,0,0,1,0,0,0,0,MapColor
1510248204646,1,1,1,0,2,4,0,0,0,0,0,0,2,0,0,0,0,MapColor
1510248204646,1,1,1,0,2,4,0,0,0,0,0,0,2,0,0,0,0,MapSize
1510248204646,1,1,1,0,2,4,0,0,0,0,0,0,2,0,0,0,0,MapSize
1510248204646,1,1,1,0,2,4,0,0,0,0,0,0,2,0,0,0,0,MapSize
1510248204646,1,1,1,0,2,1,0,0,0,0,0,0,2,0,0,0,0,MapSize
1510248204646,1,1,1,0,2,1,0,0,0,0,0,0,2,0,0,0,0,MapSize
1510248204646,1,1,1,0,2,1,0,0,0,0,0,0,2,0,0,0,0,MapSize
1510248204646,1,1,1,0,2,1,0,0,0,0,0,0,2,0,0,0,0,MapSize
1510248204646,1,1,1,0,2,1,0,0,0,0,0,0,2,0,0,0,0,MapSize
1510248204646,1,1,1,0,2,1,0,0,0,0,0,0,2,0,0,0,0,MapSize
1510248204646,1,1,1,0,2,1,0,0,0,0,0,0,2,0,0,0,0,MapSize
1510248204646,1,1,1,0,2,1,0,0,0,0,0,0,2,0,0,0,0,MapSize
1510248204646,1,1,1,0,2,1,0,0,0,0,0,0,2,0,0,0,0,MapSize
1510248204646,1,1,1,0,2,1,0,0,0,0,0,0,2,0,0,0,0,MapSize
1510248204646,1,1,1,0,2,1,0,0,0,0,0,0,2,0,0,0,0,MapSize
1510248204646,1,1,1,0,2,1,0,0,0,0,0,0,2,0,0,0,0,MapSize
1510248204646,1,1,1,0,2,2,0,0,0,0,0,0,2,1,0,0,0,MapSize
1510248204646,1,1,1,0,2,2,0,0,0,0,0,0,2,0,0,0,0,filter
1510248204646,1,1,1,0,2,2,0,0,0,0,0,0,2,0,0,0,0,filter
1510248204646,1,1,1,0,2,2,0,0,0,0,0,0,2,0,0,0,0,filter
1510248204646,1,1,1,0,2,1,0,0,0,0,0,0,2,0,0,0,0,filter
1510248204646,1,1,1,0,2,1,0,0,0,0,0,0,2,0,0,0,0,filter
1510248204646,1,1,1,0,2,1,0,0,0,0,0,0,2,0,0,0,0,filter
1510248204646,1,1,1,0,2,1,0,0,0,0,0,0,2,0,0,0,0,filter
1510248204646,1,1,1,0,2,2,0,0,0,0,0,0,2,1,0,0,0,filter
1510325171434,1,0,0,1,0,0,5,0.875,5.07598512606,5,0.875,5.07598512606,0,0,0,0,0,cluster
1510325171434,1,0,0,1,0,0,71,95.125,118.700318555,71,95.125,118.700318555,0,0,0,0,0,cluster
1510327749502,1,0,0,1,0,0,97,68.796875,118.920183357,97,68.796875,118.920183357,0,0,0,0,0,cluster
1510327749502,1,0,0,2,0,0,157,90,182.556434895,78.5,45,91.2782174476,0,0,20,20,28.2842712475,cluster
1510327749502,1,0,0,3,0,0,229,309.796875,413.845574847,76.3333333333,103.265625,137.948524949,0,0,13.3333333333,16.6666666667,24.3170486527,cluster
1510327749502,1,0,0,3,0,0,229,309.796875,413.845574847,76.3333333333,103.265625,137.948524949,0,0,13.3333333333,16.6666666667,24.3170486527,cluster
1510327749502,1,0,0,3,0,0,229,309.796875,413.845574847,76.3333333333,103.265625,137.948524949,0,0,13.3333333333,16.6666666667,24.3170486527,cluster
1510327749502,1,0,0,3,0,0,229,309.796875,413.845574847,76.3333333333,103.265625,137.948524949,0,0,13.3333333333,16.6666666667,24.3170486527,cluster
1510327749502,1,1,0,3,1,0,229,309.796875,413.845574847,76.3333333333,103.265625,137.948524949,1,0,13.3333333333,16.6666666667,24.3170486527,cluster
1510327749502,1,1,0,3,1,0,229,309.796875,413.845574847,76.3333333333,103.265625,137.948524949,1,0,13.3333333333,16.6666666667,24.3170486527,cluster
1510327749502,1,1,0,3,1,0,229,309.796875,413.845574847,76.3333333333,103.265625,137.948524949,1,0,13.3333333333,16.6666666667,24.3170486527,cluster
1510327749502,1,1,0,3,1,0,229,309.796875,413.845574847,76.3333333333,103.265625,137.948524949,1,0,13.3333333333,16.6666666667,24.3170486527,cluster
1510327749502,1,1,0,3,2,0,229,309.796875,413.845574847,76.3333333333,103.265625,137.948524949,2,0,13.3333333333,16.6666666667,24.3170486527,cluster
1510347990486,1,0,0,1,0,0,3,224.875,224.895010227,3,224.875,224.895010227,0,0,0,0,0,cluster
1510347990486,1,0,0,2,0,0,102,325.75,366.234196672,51,162.875,183.117098336,0,0,21,4,21.3775583264,cluster
1510347990486,1,0,0,2,0,0,102,325.75,366.234196672,51,162.875,183.117098336,0,0,21,4,21.3775583264,cluster
1510347990486,1,0,0,2,0,0,102,325.75,366.234196672,51,162.875,183.117098336,0,0,21,4,21.3775583264,cluster
1510347990486,1,0,0,2,0,0,102,325.75,366.234196672,51,162.875,183.117098336,0,0,21,4,21.3775583264,cluster
1510347990486,1,0,0,2,0,0,102,325.75,366.234196672,51,162.875,183.117098336,0,0,21,4,21.3775583264,cluster
1510347990486,1,0,0,2,0,0,102,325.75,366.234196672,51,162.875,183.117098336,0,0,21,4,21.3775583264,cluster
1510347990486,1,1,0,2,1,0,102,325.75,366.234196672,51,162.875,183.117098336,1,0,21,4,21.3775583264,cluster
1510347990486,1,1,0,2,1,0,102,325.75,366.234196672,51,162.875,183.117098336,1,0,21,4,21.3775583264,cluster
1510347990486,1,1,0,2,1,0,102,325.75,366.234196672,51,162.875,183.117098336,1,0,21,4,21.3775583264,cluster
1510347990486,1,1,0,2,1,0,102,325.75,366.234196672,51,162.875,183.117098336,1,0,21,4,21.3775583264,cluster
1510347990486,1,1,0,2,2,0,102,325.75,366.234196672,51,162.875,183.117098336,2,0,21,4,21.3775583264,cluster
1510347990486,1,1,0,3,2,0,339,376.875,608.685770445,113,125.625,202.895256815,2,0,14,12.6666666667,21.3478971386,cluster
1510347990486,1,1,0,4,2,0,369,760,992.983526911,92.25,190,248.245881728,2,0,14.5,14.5,23.0000851772,cluster
1510347990486,1,1,0,0,2,0,0,0,0,0,0,0,2,0,0,0,0,MapColor
1510347990486,1,1,0,0,2,0,0,0,0,0,0,0,2,0,0,0,0,MapColor
1510347990486,1,1,0,0,2,0,0,0,0,0,0,0,2,0,0,0,0,MapColor
1510347990486,1,1,0,0,1,0,0,0,0,0,0,0,1,0,0,0,0,MapColor
1510347990486,1,1,0,0,1,0,0,0,0,0,0,0,1,0,0,0,0,MapColor
1510347990486,1,1,0,0,1,0,0,0,0,0,0,0,1,0,0,0,0,MapColor
1510347990486,1,1,0,0,1,0,0,0,0,0,0,0,1,0,0,0,0,MapColor
1510347990486,1,1,0,0,2,0,0,0,0,0,0,0,2,0,0,0,0,MapColor
1510599660872,1,0,0,1,0,0,81,35.3333435059,88.3710651928,81,35.3333435059,88.3710651928,0,0,0,0,0,MapColor
1510599660872,1,0,0,2,0,0,133,72.6666870117,152.384958508,66.5,36.3333435059,76.1924792538,0,0,0,18,18,MapColor
1510599660872,1,0,0,3,0,0,156,89.0000305176,180.594497853,52,29.6666768392,60.198165951,0,0,0,23.3333333333,23.3333333333,MapColor
1510599660872,1,0,0,4,0,0,189,130.333374023,233.485378781,47.25,32.5833435059,58.3713446953,0,0,0.5,29.0,29.0088806103,MapColor
1510603997616,1,0,0,1,0,0,462,138.6875,482.367310932,462,138.6875,482.367310932,0,0,0,0,0,cluster
1510603997616,1,0,0,2,0,0,635,364,766.435476443,317.5,182,383.217738221,0,0,1,26,26.0192236625,cluster
1510603997616,1,0,0,3,0,0,740,704.3125,1122.57814119,246.666666667,234.770833333,374.192713731,0,0,14.0,17.3333333333,24.9898160114,cluster
1510603997616,1,0,0,4,0,0,856,723,1240.07376944,214,180.75,310.018442359,0,0,77.6666666667,33,87.4501221678,cluster
1510603997616,1,0,0,5,0,0,875,780.6875,1300.80965386,175,156.1375,260.161930771,0,0,63.6,68,108.875380021,cluster
1510603997616,1,0,0,6,0,0,916,815.375,1354.51461318,152.666666667,135.895833333,225.752435531,0,0,69.3333333333,76.4666666667,117.71351582,cluster
1510603997616,1,0,0,0,0,0,0,0,0,0,0,0,0,0,0,0,0,cluster
1510603997616,1,0,0,0,0,0,0,0,0,0,0,0,0,0,0,0,0,cluster
1510603997616,1,0,0,0,0,0,0,0,0,0,0,0,0,0,0,0,0,cluster
1510603997616,1,0,0,0,0,0,0,0,0,0,0,0,0,0,0,0,0,cluster
1510603997616,1,0,0,0,0,0,0,0,0,0,0,0,0,0,0,0,0,cluster
1510603997616,1,0,0,0,0,0,0,0,0,0,0,0,0,0,0,0,0,cluster
1510603997616,1,0,1,0,0,1,0,0,0,0,0,0,0,0,0,0,0,cluster
1510603997616,1,0,1,0,0,1,0,0,0,0,0,0,0,0,0,0,0,cluster
1510603997616,1,0,1,0,0,1,0,0,0,0,0,0,0,0,0,0,0,cluster
1510603997616,1,0,1,0,0,1,0,0,0,0,0,0,0,0,0,0,0,cluster
1510603997616,1,0,1,0,0,1,0,0,0,0,0,0,0,0,0,0,0,cluster
1510603997616,1,0,1,0,0,1,0,0,0,0,0,0,0,0,0,0,0,cluster
1510603997616,1,0,1,0,0,2,0,0,0,0,0,0,0,0,0,0,0,cluster
1510603997616,1,0,1,0,0,2,0,0,0,0,0,0,0,0,0,0,0,cluster
1510603997616,1,0,1,0,0,2,0,0,0,0,0,0,0,0,0,0,0,cluster
1510603997616,1,0,1,0,0,2,0,0,0,0,0,0,0,0,0,0,0,cluster
1510603997616,1,0,1,0,0,2,0,0,0,0,0,0,0,0,0,0,0,cluster
1510603997616,1,0,1,0,0,2,0,0,0,0,0,0,0,0,0,0,0,cluster
1510603997616,1,0,1,0,0,2,0,0,0,0,0,0,0,0,0,0,0,cluster
1510603997616,1,0,1,0,0,3,0,0,0,0,0,0,0,0,0,0,0,cluster
1510603997616,1,0,1,0,0,3,0,0,0,0,0,0,0,0,0,0,0,cluster
1510603997616,1,0,1,0,0,3,0,0,0,0,0,0,0,0,0,0,0,cluster
1510603997616,1,0,1,0,0,3,0,0,0,0,0,0,0,0,0,0,0,cluster
1510603997616,1,0,1,0,0,4,0,0,0,0,0,0,0,0,0,0,0,cluster
1510603997616,1,0,1,1,0,4,154,353.6875,385.760090803,154,353.6875,385.760090803,0,0,0,0,0,cluster
1510603997616,1,0,1,2,0,4,473,356.375,704.77141138,236.5,178.1875,352.38570569,0,0,13,43,44.9221548904,cluster
1510603997616,1,0,1,2,0,4,473,356.375,704.77141138,236.5,178.1875,352.38570569,0,0,13,43,44.9221548904,cluster
1510603997616,1,0,1,3,0,4,946,614.0625,1243.41029566,315.333333333,204.6875,414.470098553,0,0,11.3333333333,28.6666666667,31.5827675265,cluster
1510603997616,1,0,1,0,0,4,0,0,0,0,0,0,0,0,0,0,0,MapColor
1510603997616,1,0,1,0,0,4,0,0,0,0,0,0,0,0,0,0,0,MapColor
1510603997616,1,0,1,1,0,4,4,1.6875,4.3413887467,4,1.6875,4.3413887467,0,0,0,0,0,MapColor
1510603997616,1,0,1,1,0,4,3,0.6875,3.07776806306,3,0.6875,3.07776806306,0,0,0,0,0,MapColor
1510603997616,1,0,1,1,0,4,3,0.6875,3.07776806306,3,0.6875,3.07776806306,0,0,0,0,0,MapColor
1510603997616,1,0,1,1,0,4,3,0.6875,3.07776806306,3,0.6875,3.07776806306,0,0,0,0,0,MapColor
1510603997616,1,0,1,1,0,4,3,0.6875,3.07776806306,3,0.6875,3.07776806306,0,0,0,0,0,MapColor
1510603997616,1,0,1,1,0,4,3,0.6875,3.07776806306,3,0.6875,3.07776806306,0,0,0,0,0,MapColor
1510603997616,1,0,1,1,0,4,3,0.6875,3.07776806306,3,0.6875,3.07776806306,0,0,0,0,0,MapColor
1510603997616,1,0,1,1,0,4,3,0.6875,3.07776806306,3,0.6875,3.07776806306,0,0,0,0,0,MapColor
1510603997616,1,0,1,1,0,4,3,0.6875,3.07776806306,3,0.6875,3.07776806306,0,0,0,0,0,MapColor
1510603997616,1,0,1,1,0,4,3,0.6875,3.07776806306,3,0.6875,3.07776806306,0,0,0,0,0,MapColor
1510603997616,1,0,1,1,0,4,3,0.6875,3.07776806306,3,0.6875,3.07776806306,0,0,0,0,0,MapColor
1510603997616,1,0,1,1,0,4,75,7.3125,75.3556411707,75,7.3125,75.3556411707,0,0,0,0,0,MapColor
1510603997616,1,0,1,1,0,4,75,7.3125,75.3556411707,75,7.3125,75.3556411707,0,0,0,0,0,MapColor
1510603997616,1,0,1,1,0,4,75,7.3125,75.3556411707,75,7.3125,75.3556411707,0,0,0,0,0,MapColor
1510603997616,1,0,1,1,0,4,75,7.3125,75.3556411707,75,7.3125,75.3556411707,0,0,0,0,0,MapColor
1510603997616,1,0,1,1,0,4,75,7.3125,75.3556411707,75,7.3125,75.3556411707,0,0,0,0,0,MapColor
1510603997616,1,0,1,2,0,4,178,51.625,187.483236598,89,25.8125,93.7416182989,0,0,229,50,234.394965816,MapColor
1510603997616,1,0,1,2,0,4,254,69,265.132407953,127,34.5,132.566203977,0,0,3,18,18.2482875909,MapColor
1510603997616,1,0,1,2,0,4,254,69,265.132407953,127,34.5,132.566203977,0,0,3,18,18.2482875909,MapColor
1510603997616,1,0,1,2,0,4,254,69,265.132407953,127,34.5,132.566203977,0,0,3,18,18.2482875909,MapColor
1510603997616,1,0,1,2,0,4,254,69,265.132407953,127,34.5,132.566203977,0,0,3,18,18.2482875909,MapColor
1510603997616,1,0,1,2,0,4,254,69,265.132407953,127,34.5,132.566203977,0,0,3,18,18.2482875909,MapColor
1510603997616,1,0,1,2,0,4,254,69,265.132407953,127,34.5,132.566203977,0,0,3,18,18.2482875909,MapColor
1510603997616,1,0,1,2,0,4,254,69,265.132407953,127,34.5,132.566203977,0,0,3,18,18.2482875909,MapColor
1510603997616,1,0,1,2,0,4,254,69,265.132407953,127,34.5,132.566203977,0,0,3,18,18.2482875909,MapColor
1510603997616,1,0,1,2,0,4,254,69,265.132407953,127,34.5,132.566203977,0,0,3,18,18.2482875909,MapColor
1510603997616,1,0,1,2,0,4,254,69,265.132407953,127,34.5,132.566203977,0,0,3,18,18.2482875909,MapColor
1510603997616,1,0,1,2,0,4,254,69,265.132407953,127,34.5,132.566203977,0,0,3,18,18.2482875909,MapColor
1510603997616,1,0,1,2,0,4,254,69,265.132407953,127,34.5,132.566203977,0,0,3,18,18.2482875909,MapColor
1510603997616,1,0,1,2,0,4,254,69,265.132407953,127,34.5,132.566203977,0,0,3,18,18.2482875909,MapColor
1510603997616,1,0,1,2,0,4,254,69,265.132407953,127,34.5,132.566203977,0,0,3,18,18.2482875909,MapColor
1510603997616,1,0,1,2,0,4,254,69,265.132407953,127,34.5,132.566203977,0,0,3,18,18.2482875909,MapColor
1510603997616,1,1,1,2,1,4,254,69,265.132407953,127,34.5,132.566203977,1,0,3,18,18.2482875909,MapColor
1510603997616,1,1,1,2,1,4,254,69,265.132407953,127,34.5,132.566203977,1,0,3,18,18.2482875909,MapColor
1510603997616,1,1,1,2,1,4,254,69,265.132407953,127,34.5,132.566203977,1,0,3,18,18.2482875909,MapColor
1510603997616,1,1,1,2,1,4,254,69,265.132407953,127,34.5,132.566203977,1,0,3,18,18.2482875909,MapColor
1510603997616,1,1,1,2,1,4,254,69,265.132407953,127,34.5,132.566203977,1,0,3,18,18.2482875909,MapColor
1510603997616,1,1,1,2,1,4,254,69,265.132407953,127,34.5,132.566203977,1,0,3,18,18.2482875909,MapColor
1510603997616,1,1,1,2,1,4,254,69,265.132407953,127,34.5,132.566203977,1,0,3,18,18.2482875909,MapColor
1510603997616,1,1,1,2,2,4,254,69,265.132407953,127,34.5,132.566203977,2,0,3,18,18.2482875909,MapColor
1510603997616,1,1,1,2,2,4,254,69,265.132407953,127,34.5,132.566203977,2,0,3,18,18.2482875909,MapColor
1510603997616,1,1,1,2,2,4,254,69,265.132407953,127,34.5,132.566203977,2,0,3,18,18.2482875909,MapColor
1510603997616,1,1,1,2,2,4,254,69,265.132407953,127,34.5,132.566203977,2,0,3,18,18.2482875909,MapColor
1510603997616,1,1,1,0,2,4,0,0,0,0,0,0,2,0,0,0,0,MapColor
1510603997616,1,1,1,0,2,4,0,0,0,0,0,0,2,0,0,0,0,MapColor
1510603997616,1,1,1,0,2,4,0,0,0,0,0,0,2,0,0,0,0,MapColor
1510603997616,1,1,1,0,2,4,0,0,0,0,0,0,2,0,0,0,0,MapColor
1510603997616,1,1,1,0,2,4,0,0,0,0,0,0,2,0,0,0,0,MapColor
1510603997616,1,1,1,0,1,4,0,0,0,0,0,0,1,0,0,0,0,MapColor
1510603997616,1,1,1,0,1,4,0,0,0,0,0,0,1,0,0,0,0,MapColor
1510603997616,1,1,1,0,1,4,0,0,0,0,0,0,1,0,0,0,0,MapColor
1510603997616,1,1,1,0,1,4,0,0,0,0,0,0,1,0,0,0,0,MapColor
1510603997616,1,1,1,0,1,4,0,0,0,0,0,0,1,0,0,0,0,MapColor
1510603997616,1,1,1,0,2,4,0,0,0,0,0,0,2,0,0,0,0,MapColor
1510603997616,1,1,1,0,2,4,0,0,0,0,0,0,2,0,0,0,0,MapColor
1510603997616,1,1,1,0,2,4,0,0,0,0,0,0,2,0,0,0,0,MapColor
1510603997616,1,1,1,0,2,4,0,0,0,0,0,0,2,0,0,0,0,MapColor
1510603997616,1,1,1,0,2,4,0,0,0,0,0,0,2,0,0,0,0,MapColor
1510603997616,1,1,1,0,2,4,0,0,0,0,0,0,2,0,0,0,0,MapColor
1510603997616,1,1,1,0,1,4,0,0,0,0,0,0,1,0,0,0,0,MapColor
1510603997616,1,1,1,0,1,4,0,0,0,0,0,0,1,0,0,0,0,MapColor
1510603997616,1,1,1,0,1,4,0,0,0,0,0,0,1,0,0,0,0,MapColor
1510603997616,1,1,1,0,2,4,0,0,0,0,0,0,2,0,0,0,0,MapColor
1510667052536,1,0,0,0,0,0,0,0,0,0,0,0,0,0,0,0,0,cluster
1510667052536,1,0,0,0,0,0,0,0,0,0,0,0,0,0,0,0,0,cluster
1510667052536,1,0,0,0,0,0,0,0,0,0,0,0,0,0,0,0,0,cluster
1510667052536,1,0,0,0,0,0,0,0,0,0,0,0,0,0,0,0,0,cluster
1510667052536,1,0,0,0,0,0,0,0,0,0,0,0,0,0,0,0,0,cluster
1510667052536,1,0,0,0,0,0,0,0,0,0,0,0,0,0,0,0,0,cluster
1510667052536,1,0,0,0,0,0,0,0,0,0,0,0,0,0,0,0,0,cluster
1510667052536,1,0,0,0,0,0,0,0,0,0,0,0,0,0,0,0,0,cluster
1510667052536,1,0,0,0,0,0,0,0,0,0,0,0,0,0,0,0,0,cluster
1510667052536,1,0,0,0,0,0,0,0,0,0,0,0,0,0,0,0,0,cluster
1510667052536,1,0,0,0,0,0,0,0,0,0,0,0,0,0,0,0,0,cluster
1510667052536,1,0,0,0,0,0,0,0,0,0,0,0,0,0,0,0,0,cluster
1510667052536,1,0,0,0,0,0,0,0,0,0,0,0,0,0,0,0,0,cluster
1510667052536,1,0,0,0,0,0,0,0,0,0,0,0,0,0,0,0,0,cluster
1510667052536,1,0,0,0,0,0,0,0,0,0,0,0,0,0,0,0,0,cluster
1510667052536,1,0,0,0,0,0,0,0,0,0,0,0,0,0,0,0,0,cluster
1510667052536,1,0,0,0,0,0,0,0,0,0,0,0,0,0,0,0,0,cluster
1510667052536,1,0,0,0,0,0,0,0,0,0,0,0,0,0,0,0,0,cluster
1510667052536,1,0,0,0,0,0,0,0,0,0,0,0,0,0,0,0,0,cluster
1510667052536,1,0,0,0,0,0,0,0,0,0,0,0,0,0,0,0,0,cluster
1510667052536,1,0,0,0,0,0,0,0,0,0,0,0,0,0,0,0,0,cluster
1510667052536,1,0,0,0,0,0,0,0,0,0,0,0,0,0,0,0,0,cluster
1510667052536,1,0,0,0,0,0,0,0,0,0,0,0,0,0,0,0,0,cluster
1510667052536,1,0,0,0,0,0,0,0,0,0,0,0,0,0,0,0,0,cluster
1510667052536,1,0,0,0,0,0,0,0,0,0,0,0,0,0,0,0,0,cluster
1510667052536,1,0,0,0,0,0,0,0,0,0,0,0,0,0,0,0,0,cluster
1510667052536,1,0,0,0,0,0,0,0,0,0,0,0,0,0,0,0,0,cluster
1510667052536,1,0,0,0,0,0,0,0,0,0,0,0,0,0,0,0,0,cluster
1510667052536,1,0,0,0,0,0,0,0,0,0,0,0,0,0,0,0,0,cluster
1510667052536,1,0,0,0,0,0,0,0,0,0,0,0,0,0,0,0,0,cluster
1510667052536,1,1,0,0,1,0,0,0,0,0,0,0,1,0,0,0,0,cluster
1510667052536,1,1,0,0,1,0,0,0,0,0,0,0,1,0,0,0,0,cluster
1510667052536,1,1,0,0,1,0,0,0,0,0,0,0,1,0,0,0,0,cluster
1510667052536,1,1,0,0,1,0,0,0,0,0,0,0,1,0,0,0,0,cluster
1510667052536,1,1,0,0,1,0,0,0,0,0,0,0,1,0,0,0,0,cluster
1510667052536,1,1,0,0,1,0,0,0,0,0,0,0,1,0,0,0,0,cluster
1510667052536,1,1,0,0,1,0,0,0,0,0,0,0,1,0,0,0,0,cluster
1510667052536,1,1,0,0,2,0,0,0,0,0,0,0,2,0,0,0,0,cluster
1510667052536,1,1,0,0,2,0,0,0,0,0,0,0,2,0,0,0,0,cluster
1510667052536,1,1,0,0,2,0,0,0,0,0,0,0,2,0,0,0,0,cluster
1510667052536,1,1,0,0,2,0,0,0,0,0,0,0,2,0,0,0,0,cluster
1510667052536,1,1,0,0,2,0,0,0,0,0,0,0,2,0,0,0,0,cluster
1510667052536,1,1,0,0,2,0,0,0,0,0,0,0,2,0,0,0,0,cluster
1510667052536,1,1,0,0,2,0,0,0,0,0,0,0,2,0,0,0,0,cluster
1510667052536,1,1,0,0,2,0,0,0,0,0,0,0,2,0,0,0,0,cluster
1510667052536,1,1,0,0,3,0,0,0,0,0,0,0,2,0,0,0,0,cluster
1510667052536,1,1,0,0,3,0,0,0,0,0,0,0,2,0,0,0,0,cluster
1510667052536,1,1,0,0,3,0,0,0,0,0,0,0,2,0,0,0,0,cluster
1510667052536,1,1,0,0,3,0,0,0,0,0,0,0,2,0,0,0,0,cluster
1510667052536,1,1,0,0,3,0,0,0,0,0,0,0,2,0,0,0,0,cluster
1510667052536,1,1,0,0,3,0,0,0,0,0,0,0,2,0,0,0,0,cluster
1510667052536,1,1,0,0,3,0,0,0,0,0,0,0,2,0,0,0,0,cluster
1510667052536,1,1,0,0,3,0,0,0,0,0,0,0,2,0,0,0,0,cluster
1510667052536,1,1,0,0,3,0,0,0,0,0,0,0,2,0,0,0,0,cluster
1510667052536,1,1,0,0,3,0,0,0,0,0,0,0,2,0,0,0,0,cluster
1510667052536,1,1,0,0,3,0,0,0,0,0,0,0,2,0,0,0,0,cluster
1510667052536,1,1,0,0,3,0,0,0,0,0,0,0,2,0,0,0,0,cluster
1510667052536,1,1,0,0,3,0,0,0,0,0,0,0,2,0,0,0,0,cluster
1510667052536,1,1,0,0,3,0,0,0,0,0,0,0,2,0,0,0,0,cluster
1510667052536,1,1,0,0,3,0,0,0,0,0,0,0,2,0,0,0,0,cluster
1510667052536,1,1,0,0,3,0,0,0,0,0,0,0,2,0,0,0,0,cluster
1510667052536,1,1,0,0,3,0,0,0,0,0,0,0,2,0,0,0,0,cluster
1510667052536,1,1,0,0,3,0,0,0,0,0,0,0,2,0,0,0,0,cluster
1510667052536,1,1,0,0,3,0,0,0,0,0,0,0,2,0,0,0,0,cluster
1510667052536,1,1,0,0,3,0,0,0,0,0,0,0,2,0,0,0,0,cluster
1510667052536,1,1,0,0,3,0,0,0,0,0,0,0,2,0,0,0,0,cluster
1510667052536,1,1,0,0,3,0,0,0,0,0,0,0,2,0,0,0,0,cluster
1510667052536,1,1,0,0,3,0,0,0,0,0,0,0,2,0,0,0,0,cluster
1510667052536,1,1,0,0,3,0,0,0,0,0,0,0,2,0,0,0,0,cluster
1510667052536,1,1,0,0,3,0,0,0,0,0,0,0,2,0,0,0,0,cluster
1510667052536,1,1,0,0,3,0,0,0,0,0,0,0,2,0,0,0,0,cluster
1510667052536,1,1,0,0,3,0,0,0,0,0,0,0,2,0,0,0,0,cluster
1510667052536,1,1,0,0,3,0,0,0,0,0,0,0,2,0,0,0,0,cluster
1510667052536,1,1,0,0,4,0,0,0,0,0,0,0,2,0,0,0,0,cluster
1510667052536,1,1,0,0,4,0,0,0,0,0,0,0,2,0,0,0,0,cluster
1510667052536,1,1,0,0,4,0,0,0,0,0,0,0,2,0,0,0,0,cluster
1510667052536,1,1,0,0,4,0,0,0,0,0,0,0,2,0,0,0,0,cluster
1510667052536,1,1,0,0,4,0,0,0,0,0,0,0,2,0,0,0,0,cluster
1510667052536,1,1,0,0,4,0,0,0,0,0,0,0,2,0,0,0,0,cluster
1510667052536,1,1,0,0,4,0,0,0,0,0,0,0,2,0,0,0,0,cluster
1510667052536,1,1,0,0,4,0,0,0,0,0,0,0,2,0,0,0,0,cluster
1510667052536,1,1,0,0,4,0,0,0,0,0,0,0,2,0,0,0,0,cluster
1510667052536,1,1,1,0,4,1,0,0,0,0,0,0,2,0,0,0,0,cluster
1510667052536,1,1,1,0,4,1,0,0,0,0,0,0,2,0,0,0,0,cluster
1510667052536,1,1,1,0,4,1,0,0,0,0,0,0,2,0,0,0,0,cluster
1510667052536,1,1,1,0,4,1,0,0,0,0,0,0,2,0,0,0,0,cluster
1510667052536,1,1,1,0,4,2,0,0,0,0,0,0,2,0,0,0,0,cluster
1510667052536,1,1,1,0,4,2,0,0,0,0,0,0,2,0,0,0,0,cluster
1510667052536,1,1,1,0,4,2,0,0,0,0,0,0,2,0,0,0,0,cluster
1510667052536,1,1,1,0,4,2,0,0,0,0,0,0,2,0,0,0,0,cluster
1510667052536,1,1,1,0,4,3,0,0,0,0,0,0,2,0,0,0,0,cluster
1510667052536,1,1,1,0,4,3,0,0,0,0,0,0,2,0,0,0,0,cluster
1510667052536,1,1,1,0,4,3,0,0,0,0,0,0,2,0,0,0,0,cluster
1510667052536,1,1,1,0,4,3,0,0,0,0,0,0,2,0,0,0,0,cluster
1510667052536,1,1,1,0,4,4,0,0,0,0,0,0,2,0,0,0,0,cluster
1510667052536,1,1,1,1,4,4,138,0.3125,138.000353827,138,0.3125,138.000353827,2,0,0,0,0,cluster
1510667052536,1,1,1,2,4,4,154,321.625,459.71097326,77,160.8125,229.85548663,2,0,24,4,24.3310501212,cluster
1510667052536,1,1,1,3,4,4,556,330.3125,861.804833766,185.333333333,110.104166667,287.268277922,2,0,16.6666666667,16,26.7891652024,cluster
1510667052536,1,1,1,0,4,4,0,0,0,0,0,0,2,0,0,0,0,MapColor
1510667052536,1,1,1,0,4,4,0,0,0,0,0,0,2,0,0,0,0,MapColor
1510667052536,1,1,1,0,4,4,0,0,0,0,0,0,2,0,0,0,0,MapColor
1510667052536,1,1,1,0,1,4,0,0,0,0,0,0,1,0,0,0,0,MapColor
1510667052536,1,1,1,0,1,4,0,0,0,0,0,0,1,0,0,0,0,MapColor
1510667052536,1,1,1,0,1,4,0,0,0,0,0,0,1,0,0,0,0,MapColor
1510667052536,1,1,1,0,1,4,0,0,0,0,0,0,1,0,0,0,0,MapColor
1510667052536,1,1,1,0,2,4,0,0,0,0,0,0,2,0,0,0,0,MapColor
1510667052536,1,1,1,0,2,4,0,0,0,0,0,0,2,0,0,0,0,MapColor
1510667052536,1,1,1,0,2,4,0,0,0,0,0,0,2,0,0,0,0,MapColor
1510667052536,1,1,1,0,2,4,0,0,0,0,0,0,2,0,0,0,0,MapColor
1510667052536,1,1,1,0,2,4,0,0,0,0,0,0,2,0,0,0,0,MapColor
1510667052536,1,1,1,0,2,1,0,0,0,0,0,0,2,0,0,0,0,MapColor
1510667052536,1,1,1,0,2,1,0,0,0,0,0,0,2,0,0,0,0,MapColor
1510667052536,1,1,1,0,2,1,0,0,0,0,0,0,2,0,0,0,0,MapColor
1510667052536,1,1,1,0,2,1,0,0,0,0,0,0,2,0,0,0,0,MapColor
1510667052536,1,1,1,0,2,2,0,0,0,0,0,0,2,0,0,0,0,MapColor
1510667052536,1,1,1,0,2,2,0,0,0,0,0,0,2,1,0,0,0,MapColor
1510667052536,1,1,1,0,2,2,0,0,0,0,0,0,2,1,0,0,0,MapColor
1510667052536,1,1,1,0,2,2,0,0,0,0,0,0,2,1,0,0,0,MapColor
1510667052536,1,1,1,0,2,2,0,0,0,0,0,0,2,1,0,0,0,MapColor
1510667052536,1,1,1,0,2,2,0,0,0,0,0,0,2,1,0,0,0,MapColor
1510667052536,1,1,1,0,1,2,0,0,0,0,0,0,1,1,0,0,0,MapColor
1510667052536,1,1,1,0,1,2,0,0,0,0,0,0,1,0,0,0,0,MapColor
1510667052536,1,1,1,0,1,2,0,0,0,0,0,0,1,0,0,0,0,MapColor
1510667052536,1,1,1,0,1,2,0,0,0,0,0,0,1,0,0,0,0,MapColor
1510667052536,1,1,1,0,1,2,0,0,0,0,0,0,1,0,0,0,0,MapColor
1510667052536,1,1,1,0,2,2,0,0,0,0,0,0,2,0,0,0,0,MapColor
1510667052536,1,1,1,0,2,2,0,0,0,0,0,0,2,0,0,0,0,MapColor
1510667052536,1,1,1,0,2,2,0,0,0,0,0,0,2,0,0,0,0,MapColor
1510667052536,1,1,1,0,2,2,0,0,0,0,0,0,2,0,0,0,0,MapColor
1510667052536,1,1,1,0,1,2,0,0,0,0,0,0,1,0,0,0,0,MapColor
1510667052536,1,1,1,0,1,2,0,0,0,0,0,0,1,0,0,0,0,MapColor
1510667052536,1,1,1,0,1,2,0,0,0,0,0,0,1,0,0,0,0,MapColor
1510667052536,1,1,1,0,1,2,0,0,0,0,0,0,1,0,0,0,0,MapColor
1510667052536,1,1,1,0,2,2,0,0,0,0,0,0,2,0,0,0,0,MapColor
1510689708643,1,0,0,1,0,0,86,179.828125,199.334278389,86,179.828125,199.334278389,0,0,0,0,0,cluster
1510689708643,1,0,0,2,0,0,180,288,342.642179571,90,144,171.321089785,0,0,5,17,17.7200451467,cluster
1510689708643,1,0,0,3,0,0,253,735.828125,796.381123834,84.3333333333,245.276041667,265.460374611,0,0,18.6666666667,18.6666666667,28.0128683079,cluster
1510689708643,1,0,0,4,0,0,375,1124.65625,1203.89960291,93.75,281.1640625,300.974900728,0,0,19.3333333333,15.6666666667,27.4584378908,cluster
1510689708643,1,0,0,4,0,0,365,1124.65625,1202.39846063,91.25,281.1640625,300.599615158,0,0,17.6666666667,15.6666666667,25.6471272322,cluster
1510689708643,1,0,0,4,0,0,365,1124.65625,1202.39846063,91.25,281.1640625,300.599615158,0,0,17.6666666667,15.6666666667,25.6471272322,cluster
1510689708643,1,0,0,4,0,0,365,1124.65625,1202.39846063,91.25,281.1640625,300.599615158,0,0,17.6666666667,15.6666666667,25.6471272322,cluster
1510689708643,1,0,0,4,0,0,365,1124.65625,1202.39846063,91.25,281.1640625,300.599615158,0,0,17.6666666667,15.6666666667,25.6471272322,cluster
1510689708643,1,1,0,4,1,0,365,1124.65625,1202.39846063,91.25,281.1640625,300.599615158,1,0,17.6666666667,15.6666666667,25.6471272322,cluster
1510689708643,1,1,0,4,1,0,365,1124.65625,1202.39846063,91.25,281.1640625,300.599615158,1,0,17.6666666667,15.6666666667,25.6471272322,cluster
1510689708643,1,1,0,4,1,0,365,1124.65625,1202.39846063,91.25,281.1640625,300.599615158,1,0,17.6666666667,15.6666666667,25.6471272322,cluster
1510689708643,1,1,0,4,1,0,365,1124.65625,1202.39846063,91.25,281.1640625,300.599615158,1,0,17.6666666667,15.6666666667,25.6471272322,cluster
1510689708643,1,1,1,4,1,1,365,1124.65625,1202.39846063,91.25,281.1640625,300.599615158,1,0,17.6666666667,15.6666666667,25.6471272322,cluster
1510689708643,1,1,1,4,1,1,365,1124.65625,1202.39846063,91.25,281.1640625,300.599615158,1,0,17.6666666667,15.6666666667,25.6471272322,cluster
1510689708643,1,1,1,4,1,1,365,1124.65625,1202.39846063,91.25,281.1640625,300.599615158,1,0,17.6666666667,15.6666666667,25.6471272322,cluster
1510689708643,1,1,1,4,1,1,365,1124.65625,1202.39846063,91.25,281.1640625,300.599615158,1,0,17.6666666667,15.6666666667,25.6471272322,cluster
1510689708643,1,1,1,4,1,1,365,1124.65625,1202.39846063,91.25,281.1640625,300.599615158,1,0,17.6666666667,15.6666666667,25.6471272322,cluster
1511036543859,1,0,0,0,0,0,0,0,0,0,0,0,0,0,0,0,0,cluster
1511036543859,1,0,0,0,0,0,0,0,0,0,0,0,0,0,0,0,0,cluster
1511036543859,1,0,0,0,0,0,0,0,0,0,0,0,0,0,0,0,0,cluster
1511036543859,1,0,0,0,0,0,0,0,0,0,0,0,0,0,0,0,0,cluster
1511037986610,1,0,0,1,0,0,164,262.140625,309.214662129,164,262.140625,309.214662129,0,0,0,0,0,cluster
1511037986610,1,0,0,2,0,0,284,495,571.175515169,142,247.5,285.587757584,0,0,32,3,32.14031736,cluster
1511037986610,1,0,0,3,0,0,642,552.140625,933.706963495,214,184.046875,311.235654498,0,0,45.3333333333,8,46.2268839469,cluster
1511037986610,1,0,0,3,0,0,522,541.140625,813.606860657,174,180.380208333,271.202286886,0,0,56.0,2,56.061572285,cluster
1511037986610,1,0,0,3,0,0,568,520.140625,856.286109545,189.333333333,173.380208333,285.428703182,0,0,25.3333333333,15.3333333333,32.9506223717,cluster
1511037986610,1,0,0,3,0,0,602,516.140625,872.402943394,200.666666667,172.046875,290.800981131,0,0,44,13.3333333333,47.5957483538,cluster
1511037986610,1,0,0,3,0,0,559,509.140625,849.066182339,186.333333333,169.713541667,283.02206078,0,0,18.6666666667,18,28.5495001302,cluster
1511037986610,1,0,0,3,0,0,515,513.140625,827.763808774,171.666666667,171.046875,275.921269591,0,0,14,18,25.6181567381,cluster
1511037986610,1,0,0,4,0,0,638,533.28125,952.401863859,159.5,133.3203125,238.100465965,0,0,20.3333333333,14.8333333333,27.6264827962,cluster
1511037986610,1,0,0,4,0,0,638,533.28125,952.401863859,159.5,133.3203125,238.100465965,0,0,20.3333333333,14.8333333333,27.6264827962,cluster
1511037986610,1,0,0,4,0,0,638,533.28125,952.401863859,159.5,133.3203125,238.100465965,0,0,20.3333333333,14.8333333333,27.6264827962,cluster
1511037986610,1,0,0,5,0,0,779,548.421875,1094.21243654,155.8,109.684375,218.842487309,0,0,21,15.0,28.4698416164,cluster
1511037986610,1,0,0,5,0,0,777,549.421875,1092.33584749,155.4,109.884375,218.467169498,0,0,20.2,14.8,27.7365424901,cluster
1511037986610,1,0,0,5,0,0,777,549.421875,1092.33584749,155.4,109.884375,218.467169498,0,0,20.2,14.8,27.7365424901,cluster
1511037986610,1,0,0,5,0,0,767,549.421875,1082.47864785,153.4,109.884375,216.495729569,0,0,16.2,14.8,24.3365617401,cluster
1511037986610,1,0,0,6,0,0,817,618.28125,1167.57631835,136.166666667,103.046875,194.596053059,0,0,14.5333333333,13.0666666667,21.5835138642,cluster
1511037986610,1,0,0,7,0,0,877,635.421875,1229.97664708,125.285714286,90.7745535714,175.710949583,0,0,17.3333333333,13.3333333333,24.064303409,cluster
1511037986610,1,0,0,7,0,0,877,635.421875,1229.97664708,125.285714286,90.7745535714,175.710949583,0,0,17.3333333333,13.3333333333,24.064303409,cluster
1511037986610,1,0,0,7,0,0,877,635.421875,1229.97664708,125.285714286,90.7745535714,175.710949583,0,0,17.3333333333,13.3333333333,24.064303409,cluster
1511037986610,1,0,0,8,0,0,881,690.5625,1285.2621653,110.125,86.3203125,160.657770663,0,0,16.4642857143,12.6785714286,22.9903186694,cluster
1511037986610,1,0,0,9,0,0,901,803.421875,1399.87995854,100.111111111,89.2690972222,155.542217615,0,0,15.2222222222,11.9444444444,21.3184888212,cluster
1511887775403,1,0,0,0,0,0,0,0,0,0,0,0,0,0,0,0,0,MapColor
1511887775403,1,0,0,0,0,0,0,0,0,0,0,0,0,0,0,0,0,MapColor
1511887775403,1,0,0,0,0,0,0,0,0,0,0,0,0,0,0,0,0,MapColor
1511887775403,1,0,1,0,0,1,0,0,0,0,0,0,0,0,0,0,0,MapColor
1511888389790,1,0,0,1,0,0,68,1.328125,68.012968734,68,1.328125,68.012968734,0,0,0,0,0,cluster
1511888389790,1,0,0,2,0,0,136,70,164.655746095,68,35,82.3278730474,0,0,9,27,28.4604989415,cluster
1511888389790,1,0,0,2,0,0,185,91.34375,215.819175679,92.5,45.671875,107.909587839,0,0,40,3,40.1123422403,cluster
1511889227756,1,0,0,1,0,0,93,120.671875,152.350587186,93,120.671875,152.350587186,0,0,0,0,0,cluster
1511889227756,1,0,0,2,0,0,155,235.34375,282.710239364,77.5,117.671875,141.355119682,0,0,34,8,34.9284983931,cluster
1511889227756,1,0,0,2,0,0,155,235.34375,282.710239364,77.5,117.671875,141.355119682,0,0,34,8,34.9284983931,cluster
1511889227756,1,0,0,2,0,0,155,235.34375,282.710239364,77.5,117.671875,141.355119682,0,0,34,8,34.9284983931,cluster
1511889227756,1,0,0,2,0,0,155,235.34375,282.710239364,77.5,117.671875,141.355119682,0,0,34,8,34.9284983931,cluster
1511889227756,1,0,1,2,0,1,155,235.34375,282.710239364,77.5,117.671875,141.355119682,0,0,34,8,34.9284983931,cluster
1511889227756,1,0,1,2,0,1,155,235.34375,282.710239364,77.5,117.671875,141.355119682,0,0,34,8,34.9284983931,cluster
1511889227756,1,0,1,2,0,1,155,235.34375,282.710239364,77.5,117.671875,141.355119682,0,0,34,8,34.9284983931,cluster
1511889227756,1,0,1,2,0,1,155,235.34375,282.710239364,77.5,117.671875,141.355119682,0,0,34,8,34.9284983931,cluster
1511889227756,1,1,1,2,1,1,155,235.34375,282.710239364,77.5,117.671875,141.355119682,1,0,34,8,34.9284983931,cluster
1511889227756,1,1,1,2,1,1,150,229.34375,274.905973183,75,114.671875,137.452986591,1,0,39,14,41.4366987102,cluster
1511892925863,1,0,0,1,0,0,89,139.625,165.578200935,89,139.625,165.578200935,0,0,0,0,0,cluster
1511892925863,1,0,0,2,0,0,189,180,273.421330642,94.5,90,136.710665321,0,0,9,39,40.0249921924,cluster
1511892925863,1,0,0,3,0,0,282,310.625,433.770607613,94,103.541666667,144.590202538,0,0,30,26,43.7574508431,cluster
1511892925863,1,0,0,4,0,0,350,436.25,576.618920956,87.5,109.0625,144.154730239,0,0,37,22.1666666667,46.5670130093,cluster
1511892925863,1,0,0,5,0,0,440,624.875,785.615070741,88,124.975,157.123014148,0,0,35,29.8,49.6531708131,cluster
1511892925863,1,0,0,6,0,0,780,651.25,1126.63653726,130,108.541666667,187.77275621,0,0,36.0666666667,41.5333333333,59.1628377062,cluster
1511892925863,1,0,0,7,0,0,1035,653.875,1381.65004793,147.857142857,93.4107142857,197.378578276,0,0,33.9047619048,53.7142857143,67.9742756503,cluster
1511892925863,1,0,0,8,0,0,1240,816.5,1643.32138878,155,102.0625,205.415173598,0,0,31.1785714286,57.0714285714,69.5858454325,cluster
1511892925863,1,0,0,9,0,0,1530,937.125,1957.40798612,170,104.125,217.489776235,0,0,30.3333333333,63.9444444444,75.3216528151,cluster
1511892925863,1,0,0,9,0,0,1530,937.125,1957.40798612,170,104.125,217.489776235,0,0,30.3333333333,63.9444444444,75.3216528151,cluster
1511892925863,1,0,0,9,0,0,1530,937.125,1957.40798612,170,104.125,217.489776235,0,0,30.3333333333,63.9444444444,75.3216528151,cluster
1511892925863,1,0,0,9,0,0,1588,921.375,2014.52831674,176.444444444,102.375,223.836479637,0,0,43.2222222222,61.8888888889,84.1538654105,cluster
1511892925863,1,0,0,9,0,0,1589,925.375,2015.60051559,176.555555556,102.819444444,223.955612844,0,0,43.3333333333,61.2222222222,83.6620085004,cluster
1511892925863,1,0,0,9,0,0,1589,925.375,2015.60051559,176.555555556,102.819444444,223.955612844,0,0,43.3333333333,61.2222222222,83.6620085004,cluster
1511892925863,1,0,0,9,0,0,1589,925.375,2015.60051559,176.555555556,102.819444444,223.955612844,0,0,43.3333333333,61.2222222222,83.6620085004,cluster
1511892925863,1,0,0,9,0,0,1589,925.375,2015.60051559,176.555555556,102.819444444,223.955612844,0,0,43.3333333333,61.2222222222,83.6620085004,cluster
1511892925863,1,0,0,9,0,0,1589,925.375,2015.60051559,176.555555556,102.819444444,223.955612844,0,0,43.3333333333,61.2222222222,83.6620085004,cluster
1511892925863,1,0,0,9,0,0,1589,925.375,2015.60051559,176.555555556,102.819444444,223.955612844,0,0,43.3333333333,61.2222222222,83.6620085004,cluster
1511892925863,1,0,0,9,0,0,1589,925.375,2015.60051559,176.555555556,102.819444444,223.955612844,0,0,43.3333333333,61.2222222222,83.6620085004,cluster
1511893116633,1,0,0,0,0,0,0,0,0,0,0,0,0,0,0,0,0,cluster
1512135525614,1,0,0,1,0,0,183,445.078125,481.231272211,183,445.078125,481.231272211,0,0,0,0,0,cluster
1512135525614,1,0,0,2,0,0,256,588.15625,641.856145296,128,294.078125,320.928072648,0,0,41,10,42.201895692,cluster
1512135525614,1,0,0,3,0,0,310,656.234375,728.750512797,103.333333333,218.744791667,242.916837599,0,0,27.3333333333,23.3333333333,39.6494662332,cluster
1512135525614,1,0,0,4,0,0,389,787.3125,881.794541931,97.25,196.828125,220.448635483,0,0,30.8333333333,28.6666666667,45.7011248435,cluster
1512135525614,1,0,0,4,0,0,389,790.3125,884.371666898,97.25,197.578125,221.092916724,0,0,30.8333333333,27.1666666667,44.7347480185,cluster
1512135525614,1,0,0,4,0,0,389,790.3125,884.371666898,97.25,197.578125,221.092916724,0,0,30.8333333333,27.1666666667,44.7347480185,cluster
1512135525614,1,0,0,4,0,0,389,790.3125,884.371666898,97.25,197.578125,221.092916724,0,0,30.8333333333,27.1666666667,44.7347480185,cluster
1512135525614,1,0,0,4,0,0,389,790.3125,884.371666898,97.25,197.578125,221.092916724,0,0,30.8333333333,27.1666666667,44.7347480185,cluster
1512135525614,1,1,0,4,1,0,389,790.3125,884.371666898,97.25,197.578125,221.092916724,1,0,30.8333333333,27.1666666667,44.7347480185,cluster
1512135525614,1,1,0,4,1,0,389,790.3125,884.371666898,97.25,197.578125,221.092916724,1,0,30.8333333333,27.1666666667,44.7347480185,cluster
1512135525614,1,1,0,4,1,0,389,790.3125,884.371666898,97.25,197.578125,221.092916724,1,0,30.8333333333,27.1666666667,44.7347480185,cluster
1512135525614,1,1,0,4,1,0,389,790.3125,884.371666898,97.25,197.578125,221.092916724,1,0,30.8333333333,27.1666666667,44.7347480185,cluster
1512135525614,1,1,1,4,1,1,389,790.3125,884.371666898,97.25,197.578125,221.092916724,1,0,30.8333333333,27.1666666667,44.7347480185,cluster
1512135525614,1,1,1,4,1,1,389,790.3125,884.371666898,97.25,197.578125,221.092916724,1,0,30.8333333333,27.1666666667,44.7347480185,cluster
1512135525614,1,1,1,4,1,1,389,790.3125,884.371666898,97.25,197.578125,221.092916724,1,0,30.8333333333,27.1666666667,44.7347480185,cluster
1512135525614,1,1,1,4,1,1,389,790.3125,884.371666898,97.25,197.578125,221.092916724,1,0,30.8333333333,27.1666666667,44.7347480185,cluster
1512135525614,1,1,1,4,1,1,389,790.3125,884.371666898,97.25,197.578125,221.092916724,1,0,30.8333333333,27.1666666667,44.7347480185,cluster
1512136447066,1,0,0,1,0,0,34,31.71875,46.4981623461,34,31.71875,46.4981623461,0,0,0,0,0,cluster
1512136447066,1,0,0,2,0,0,51,52.4375,73.2986586393,25.5,26.21875,36.6493293196,0,0,10,3,10.4403065089,cluster
1512137136955,1,0,0,1,0,0,80,60.5,100.300797604,80,60.5,100.300797604,0,0,0,0,0,cluster
1512137136955,1,0,0,2,0,0,496,106,518.781681277,248,53,259.390840639,0,0,10,27,28.7923600978,cluster
1512137136955,1,0,0,3,0,0,767,194.5,803.866317833,255.666666667,64.8333333333,267.955439278,0,0,21.3333333333,30,37.4784838913,cluster
1512138523240,1,0,0,1,0,0,248,224.875,334.772707408,248,224.875,334.772707408,0,0,0,0,0,cluster
1512138523240,1,0,0,2,0,0,542,476,721.424702909,271,238,360.712351454,0,0,2,51,51.0392006207,cluster
1512138523240,1,0,0,3,0,0,1171,558.875,1355.86088222,390.333333333,186.291666667,451.953627408,0,0,31.3333333333,52,65.097502557,cluster
1512138523240,1,0,0,4,0,0,1774,754.75,1989.87666722,443.5,188.6875,497.469166805,0,0,27,43.3333333333,53.4726709754,cluster
1512138523240,1,0,0,4,0,0,1742,729.75,1949.39295999,435.5,182.4375,487.348239998,0,0,43,39.1666666667,62.2115606316,cluster
1512138523240,1,0,0,4,0,0,1743,735.75,1951.19475944,435.75,183.9375,487.79868986,0,0,43.5,42.1666666667,64.8537009753,cluster
1512138523240,1,0,0,4,0,0,1698,706.75,1903.01291373,424.5,176.6875,475.753228433,0,0,27.6666666667,27.6666666667,44.4964150554,cluster
1512138523240,1,0,0,4,0,0,1700,707.75,1905.10486855,425,176.9375,476.276217138,0,0,28,28.1666666667,45.0036387325,cluster
1512138523240,1,0,0,4,0,0,1700,707.75,1905.10486855,425,176.9375,476.276217138,0,0,28,28.1666666667,45.0036387325,cluster
1512138523240,1,0,0,4,0,0,1700,707.75,1905.10486855,425,176.9375,476.276217138,0,0,28,28.1666666667,45.0036387325,cluster
1512138523240,1,0,0,4,0,0,1700,707.75,1905.10486855,425,176.9375,476.276217138,0,0,28,28.1666666667,45.0036387325,cluster
1512138523240,1,0,1,4,0,1,1700,707.75,1905.10486855,425,176.9375,476.276217138,0,0,28,28.1666666667,45.0036387325,cluster
1512138523240,1,0,1,4,0,1,1700,707.75,1905.10486855,425,176.9375,476.276217138,0,0,28,28.1666666667,45.0036387325,cluster
1512138523240,1,0,1,4,0,1,1700,707.75,1905.10486855,425,176.9375,476.276217138,0,0,28,28.1666666667,45.0036387325,cluster
1512138523240,1,0,1,4,0,1,1700,707.75,1905.10486855,425,176.9375,476.276217138,0,0,28,28.1666666667,45.0036387325,cluster
1512138523240,1,0,1,4,0,1,1700,707.75,1905.10486855,425,176.9375,476.276217138,0,0,28,28.1666666667,45.0036387325,cluster
1512138523240,1,0,1,4,0,1,1700,707.75,1905.10486855,425,176.9375,476.276217138,0,0,28,28.1666666667,45.0036387325,cluster
1512138523240,1,0,1,4,0,1,1700,707.75,1905.10486855,425,176.9375,476.276217138,0,0,28,28.1666666667,45.0036387325,cluster
1512138523240,1,0,1,4,0,1,1700,707.75,1905.10486855,425,176.9375,476.276217138,0,0,28,28.1666666667,45.0036387325,cluster
1512138523240,1,0,1,4,0,1,1700,707.75,1905.10486855,425,176.9375,476.276217138,0,0,28,28.1666666667,45.0036387325,cluster
1512138523240,1,0,1,4,0,1,1700,707.75,1905.10486855,425,176.9375,476.276217138,0,0,28,28.1666666667,45.0036387325,cluster
1512138523240,1,1,1,4,1,1,1700,707.75,1905.10486855,425,176.9375,476.276217138,1,0,28,28.1666666667,45.0036387325,cluster
1512138523240,1,1,1,4,1,1,1689,695.75,1893.02664291,422.25,173.9375,473.256660728,1,0,28.8333333333,22.1666666667,40.2457704182,cluster
1512138523240,1,1,1,4,1,1,1702,689.75,1898.78516501,425.5,172.4375,474.696291253,1,0,22.3333333333,22.8333333333,35.1053577874,cluster
1512138523240,1,1,1,1,1,1,145,35.875,149.372071101,145,35.875,149.372071101,1,0,0,0,0,cluster
1512138523240,1,1,1,2,1,1,501,71.75,507.175111369,250.5,35.875,253.587555684,1,0,9,26,27.5136329844,cluster
1512138523240,1,1,1,3,1,1,1044,113.875,1051.80665253,348,37.9583333333,350.602217509,1,0,22.6666666667,27.3333333333,36.6439628003,cluster
1512138523240,1,1,1,4,1,1,1590,471.75,1704.63933831,397.5,117.9375,426.159834577,1,0,17.3333333333,35,41.3581459922,cluster
1512138523240,1,1,1,1,1,1,202,0.125,202.000038676,202,0.125,202.000038676,1,0,0,0,0,cluster
1512138523240,1,1,1,2,1,1,392,8.25,392.173684655,196,4.125,196.086842327,1,0,12,14,18.4390889146,cluster
1512138523240,1,1,1,3,1,1,757,113.375,772.010841375,252.333333333,37.7916666667,257.336947125,1,0,16.6666666667,16,23.1652517613,cluster
1512138523240,1,1,1,4,1,1,1336,254.5,1367.96156553,334,63.625,341.990391383,1,0,14.5,13,20.7069339953,cluster
1512138523240,1,1,1,4,1,1,1336,254.5,1367.96156553,334,63.625,341.990391383,1,0,14.5,13,20.7069339953,cluster
1512138523240,1,1,1,4,1,1,1336,254.5,1367.96156553,334,63.625,341.990391383,1,0,14.5,13,20.7069339953,cluster
1512138523240,1,1,1,4,1,1,1336,254.5,1367.96156553,334,63.625,341.990391383,1,0,14.5,13,20.7069339953,cluster
1512138523240,1,1,1,4,1,1,1336,254.5,1367.96156553,334,63.625,341.990391383,1,0,14.5,13,20.7069339953,cluster
1512138617694,1,0,0,1,0,0,33,94.125,99.7422459392,33,94.125,99.7422459392,0,0,0,0,0,cluster
1512138617694,1,0,0,2,0,0,227,125.25,296.223200805,113.5,62.625,148.111600403,0,0,42,26,49.3963561409,cluster
1512138617694,1,0,0,2,0,0,227,125.25,296.223200805,113.5,62.625,148.111600403,0,0,42,26,49.3963561409,cluster
1512138617694,1,0,0,2,0,0,227,125.25,296.223200805,113.5,62.625,148.111600403,0,0,42,26,49.3963561409,cluster
1512138617694,1,0,0,2,0,0,227,125.25,296.223200805,113.5,62.625,148.111600403,0,0,42,26,49.3963561409,cluster
1512138617694,1,1,1,2,1,1,227,125.25,296.223200805,113.5,62.625,148.111600403,1,0,42,26,49.3963561409,cluster
1512138617694,1,1,1,1,1,1,315,27.875,316.230952984,315,27.875,316.230952984,1,0,0,0,0,cluster
1512138617694,1,1,1,2,1,1,395,67.75,405.617840305,197.5,33.875,202.808920153,1,0,261,168,310.394909752,cluster
1512138617694,1,1,1,3,1,1,549,298.625,683.141290891,183,99.5416666667,227.71376363,1,0,174,129.333333333,217.26728975,cluster
1512138617694,1,1,1,4,1,1,886,350.5,1024.11052062,221.5,87.625,256.027630156,1,0,130.5,117.833333333,178.987311509,cluster
1512138617694,1,1,1,1,1,1,137,153.125,205.465971939,137,153.125,205.465971939,1,0,0,0,0,cluster
1512138617694,1,1,1,2,1,1,148,221.25,274.473331148,74,110.625,137.236665574,1,0,12,22,25.0599281723,cluster
1512138617694,1,1,1,2,1,1,148,221.25,274.473331148,74,110.625,137.236665574,1,0,12,22,25.0599281723,cluster
1512138617694,1,1,1,2,1,1,148,221.25,274.473331148,74,110.625,137.236665574,1,0,12,22,25.0599281723,cluster
1512138617694,1,1,1,2,1,1,148,221.25,274.473331148,74,110.625,137.236665574,1,0,12,22,25.0599281723,cluster
1512138617694,1,1,1,2,1,1,148,221.25,274.473331148,74,110.625,137.236665574,1,0,12,22,25.0599281723,cluster
1512138617694,1,1,1,3,1,1,361,426.125,570.011426197,120.333333333,142.041666667,190.003808732,1,0,20.6666666667,14.6666666667,28.3762706266,cluster
1512138617694,1,1,1,4,1,1,473,784,945.002780264,118.25,196,236.250695066,1,0,15.8333333333,20,28.7901876628,cluster
1512138678152,1,0,0,1,0,0,189,59.875,198.257447842,189,59.875,198.257447842,0,0,0,0,0,cluster
1512138678152,1,0,0,2,0,0,514,96.75,525.342705268,257,48.375,262.671352634,0,0,35,46,57.8013840665,cluster
1512138678152,1,0,0,3,0,0,721,542.625,1016.92536935,240.333333333,180.875,338.975123116,0,0,78.6666666667,77.3333333333,112.545955755,cluster
1512138678152,1,0,0,3,0,0,636,612.625,952.561001129,212,204.208333333,317.52033371,0,0,80,46.6666666667,101.873503049,cluster
1512138678152,1,0,0,3,0,0,560,664.625,913.316180537,186.666666667,221.541666667,304.438726846,0,0,29.3333333333,30.6666666667,47.9639052032,cluster
1512138678152,1,0,0,4,0,0,794,1059.5,1372.31755921,198.5,264.875,343.079389803,0,0,28.0,37.1666666667,51.3436450162,cluster
1512138678152,1,0,0,4,0,0,794,1059.5,1372.31755921,198.5,264.875,343.079389803,0,0,28.0,37.1666666667,51.3436450162,cluster
1512138678152,1,0,0,4,0,0,794,1059.5,1372.31755921,198.5,264.875,343.079389803,0,0,28.0,37.1666666667,51.3436450162,cluster
1512138678152,1,0,0,4,0,0,794,1059.5,1372.31755921,198.5,264.875,343.079389803,0,0,28.0,37.1666666667,51.3436450162,cluster
1512138678152,1,1,0,4,1,0,794,1059.5,1372.31755921,198.5,264.875,343.079389803,1,0,28.0,37.1666666667,51.3436450162,cluster
1512138678152,1,1,0,1,1,0,69,215.875,226.634100755,69,215.875,226.634100755,1,0,0,0,0,cluster
1512138678152,1,1,0,2,1,0,164,237,323.954528338,82,118.5,161.977264169,1,0,23,58,62.3939099592,cluster
1512138678152,1,1,0,3,1,0,457,335.875,633.187879749,152.333333333,111.958333333,211.062626583,1,0,188.666666667,183.333333333,265.821648521,cluster
1512138678152,1,1,0,3,1,0,417,627.875,915.256064841,139,209.291666667,305.085354947,1,0,200,156,297.239411838,cluster
1512138678152,1,1,0,3,1,0,127,640.875,717.937929665,42.3333333333,213.625,239.312643222,1,0,11.3333333333,156,158.497845132,cluster
1512138678152,1,1,0,3,1,0,129,830.625,852.7322703,43,276.875,284.2440901,1,0,12.6666666667,2.66666666667,13.0316157487,cluster
1512138678152,1,1,0,4,1,0,230,933.5,996.899761868,57.5,233.375,249.224940467,1,0,18.5,9.33333333333,21.2993520112,cluster
1512138678152,1,1,0,0,1,0,0,0,0,0,0,0,1,0,0,0,0,cluster
1512138678152,1,1,0,0,1,0,0,0,0,0,0,0,1,0,0,0,0,cluster
1512138678152,1,1,0,0,1,0,0,0,0,0,0,0,1,0,0,0,0,cluster
1512138678152,1,1,0,0,1,0,0,0,0,0,0,0,1,0,0,0,0,cluster
1512138849955,1,0,0,1,0,0,59,52.875,79.2260413311,59,52.875,79.2260413311,0,0,0,0,0,cluster
1512138849955,1,0,0,2,0,0,255,123.75,287.646927101,127.5,61.875,143.82346355,0,0,16,51,53.4509120596,cluster
1512138849955,1,0,0,3,0,0,439,365.625,591.554010969,146.333333333,121.875,197.184670323,0,0,41.3333333333,57.3333333333,72.4237207905,cluster
1512138849955,1,0,0,4,0,0,506,476.75,721.314427217,126.5,119.1875,180.328606804,0,0,42.1666666667,56,77.0282365452,cluster
1512138849955,1,0,0,4,0,0,601,513.75,811.884548806,150.25,128.4375,202.971137202,0,0,53.6666666667,74.5,97.3917842933,cluster
1512138849955,1,0,0,4,0,0,652,541.75,869.189696677,163,135.4375,217.297424169,0,0,57.5,79.1666666667,105.073033052,cluster
1512138849955,1,0,0,4,0,0,642,539.75,860.021239956,160.5,134.9375,215.005309989,0,0,55.1666666667,78.8333333333,103.133962194,cluster
1512138849955,1,0,0,4,0,0,653,573.75,890.967590048,163.25,143.4375,222.741897512,0,0,58,84.5,108.710844014,cluster
1512138849955,1,0,0,4,0,0,670,674.75,956.243645483,167.5,168.6875,239.060911371,0,0,55.1666666667,67.6666666667,87.823449723,cluster
1512138849955,1,0,0,4,0,0,670,674.75,956.243645483,167.5,168.6875,239.060911371,0,0,55.1666666667,67.6666666667,87.823449723,cluster
1512138849955,1,0,0,4,0,0,670,674.75,956.243645483,167.5,168.6875,239.060911371,0,0,55.1666666667,67.6666666667,87.823449723,cluster
1512138849955,1,0,0,4,0,0,670,674.75,956.243645483,167.5,168.6875,239.060911371,0,0,55.1666666667,67.6666666667,87.823449723,cluster
1512138849955,1,1,0,4,1,0,767,593.5,993.18210633,191.75,148.375,248.295526583,1,0,10.3333333333,17.5,21.1174620083,cluster
1512138849955,1,1,1,4,1,1,767,593.5,993.18210633,191.75,148.375,248.295526583,1,0,10.3333333333,17.5,21.1174620083,cluster
1512138849955,1,1,1,1,1,1,102,92.125,137.444591109,102,92.125,137.444591109,1,0,0,0,0,cluster
1512138849955,1,1,1,2,1,1,267,129,306.514888988,133.5,64.5,153.257444494,1,0,54,43,69.0289794217,cluster
1512138849955,1,1,1,2,1,1,267,129,306.514888988,133.5,64.5,153.257444494,1,0,54,43,69.0289794217,cluster
1512138849955,1,1,1,2,1,1,267,129,306.514888988,133.5,64.5,153.257444494,1,0,54,43,69.0289794217,cluster
1512138849955,1,1,1,2,1,1,267,129,306.514888988,133.5,64.5,153.257444494,1,0,54,43,69.0289794217,cluster
1512138849955,1,1,1,2,1,1,267,129,306.514888988,133.5,64.5,153.257444494,1,0,54,43,69.0289794217,cluster
1512138849955,1,1,1,0,1,1,0,0,0,0,0,0,1,0,0,0,0,cluster
1512138849955,1,1,1,0,1,1,0,0,0,0,0,0,1,0,0,0,0,cluster
1512138849955,1,1,1,0,1,1,0,0,0,0,0,0,1,0,0,0,0,cluster
1512138849955,1,1,1,0,1,1,0,0,0,0,0,0,1,0,0,0,0,cluster
1512138849955,1,1,1,1,1,1,184,50.875,190.903812495,184,50.875,190.903812495,1,0,0,0,0,cluster
1512138849955,1,1,1,2,1,1,231,83.75,248.260290987,115.5,41.875,124.130145493,1,0,1,13,13.0384048104,cluster
1512138849955,1,1,1,3,1,1,340,127.625,365.759293642,113.333333333,42.5416666667,121.919764547,1,0,2.66666666667,8.66666666667,9.26962216373,cluster
